        0	 1.1000000000000001e+00	 1.0000000000000000e+00	-1.6616249292583620e+02	 3.7565740045079110e-01
        1	 2.1000000000000001e+00	 1.0000000000000000e+00	 1.2258470222154472e+00	 5.3989849908191445e-02
        2	 3.1000000000000001e+00	 1.0000000000000000e+00	 1.4714401204455214e+00	 1.6783592360113175e-02
        3	 4.1000000000000005e+00	 1.0000000000000000e+00	 1.5307569589575394e+00	 7.2546828978374833e-03
        4	 5.1000000000000005e+00	 1.0000000000000000e+00	 1.5554590526540863e+00	 3.7692893381944259e-03
        5	 6.1000000000000005e+00	 1.0000000000000000e+00	 1.5682964735468943e+00	 2.2028275494250238e-03
        6	 7.1000000000000005e+00	 1.0000000000000000e+00	 1.5758662208832561e+00	 1.3969953424037840e-03
        7	 8.0999999999999996e+00	 1.0000000000000000e+00	 1.5807180551518627e+00	 9.4083821157653347e-04
        8	 9.0999999999999996e+00	 1.0000000000000000e+00	 1.5840193947872052e+00	 6.6350748633681178e-04
        9	 1.0100000000000000e+01	 1.0000000000000000e+00	 1.5863695436884910e+00	 4.8529507395755900e-04
       10	 1.1100000000000000e+01	 1.0000000000000000e+00	 1.5881029431133129e+00	 3.6559569063854269e-04
       11	 1.2100000000000000e+01	 1.0000000000000000e+00	 1.5894185662059641e+00	 2.8223696503459905e-04
       12	 1.3100000000000000e+01	 1.0000000000000000e+00	 1.5904409666683392e+00	 2.2241092554509123e-04
       13	 1.4100000000000000e+01	 1.0000000000000000e+00	 1.5912514156909765e+00	 1.7836624370204390e-04
       14	 1.5100000000000001e+01	 1.0000000000000000e+00	 1.5919048067699322e+00	 1.4522425674101669e-04
       15	 1.6100000000000001e+01	 1.0000000000000000e+00	 1.5924393175543372e+00	 1.1980980913506301e-04
       16	 1.7100000000000001e+01	 1.0000000000000000e+00	 1.5928821751937079e+00	 9.9995780161066250e-05
       17	 1.8100000000000001e+01	 1.0000000000000000e+00	 1.5932532252651725e+00	 8.4320714861974011e-05
       18	 1.9100000000000001e+01	 1.0000000000000000e+00	 1.5935672121992894e+00	 7.1757930044213936e-05
       19	 2.0100000000000001e+01	 1.0000000000000000e+00	 1.5938352772681270e+00	 6.1571797452586452e-05
       20	 2.1100000000000001e+01	 1.0000000000000000e+00	 1.5940659668730319e+00	 5.3225854010463536e-05
       21	 2.2100000000000001e+01	 1.0000000000000000e+00	 1.5942659260654253e+00	 4.6322627277106676e-05
       22	 2.3100000000000001e+01	 1.0000000000000000e+00	 1.5944403848880313e+00	 4.0563373332247465e-05
       23	 2.4100000000000001e+01	 1.0000000000000000e+00	 1.5945935054212441e+00	 3.5720610810585640e-05
       24	 2.5100000000000001e+01	 1.0000000000000000e+00	 1.5947286333656123e+00	 3.1619051647169272e-05
       25	 2.6100000000000001e+01	 1.0000000000000000e+00	 1.5948484830539087e+00	 2.8122147540443621e-05
       26	 2.7100000000000001e+01	 1.0000000000000000e+00	 1.5949552753012384e+00	 2.5122458168880257e-05
       27	 2.8100000000000001e+01	 1.0000000000000000e+00	 1.5950508413570361e+00	 2.2534661802353639e-05
       28	 2.9100000000000001e+01	 1.0000000000000000e+00	 1.5951367021664922e+00	 2.0290420032154088e-05
       29	 3.0100000000000001e+01	 1.0000000000000000e+00	 1.5952141294265374e+00	 1.8334561083577228e-05
       30	 3.1100000000000001e+01	 1.0000000000000000e+00	 1.5952841930654174e+00	 1.6622212775985190e-05
       31	 3.2100000000000001e+01	 1.0000000000000000e+00	 1.5953477984912467e+00	 1.5116627352540490e-05
       32	 3.3100000000000001e+01	 1.0000000000000000e+00	 1.5954057160545290e+00	 1.3787515790397720e-05
       33	 3.4100000000000001e+01	 1.0000000000000000e+00	 1.5954586045314585e+00	 1.2609761348869597e-05
       34	 3.5100000000000001e+01	 1.0000000000000000e+00	 1.5955070299761687e+00	 1.1562417725485830e-05
       35	 3.6100000000000001e+01	 1.0000000000000000e+00	 1.5955514809572833e+00	 1.0627922996775396e-05
       36	 3.7100000000000001e+01	 1.0000000000000000e+00	 1.5955923809505776e+00	 9.7914785328612197e-06
       37	 3.8100000000000001e+01	 1.0000000000000000e+00	 1.5956300984786083e+00	 9.0405546941951798e-06
       38	 3.9100000000000001e+01	 1.0000000000000000e+00	 1.5956649554537989e+00	 8.3644951160977143e-06
       39	 4.0100000000000001e+01	 1.0000000000000000e+00	 1.5956972340798146e+00	 7.7541980019191215e-06
       40	 4.1100000000000001e+01	 1.0000000000000000e+00	 1.5957271825893216e+00	 7.2018577483845547e-06
       41	 4.2100000000000001e+01	 1.0000000000000000e+00	 1.5957550200368900e+00	 6.7007546675768026e-06
       42	 4.3100000000000001e+01	 1.0000000000000000e+00	 1.5957809403210135e+00	 6.2450827016391486e-06
       43	 4.4100000000000001e+01	 1.0000000000000000e+00	 1.5958051155736044e+00	 5.8298077689755701e-06
       44	 4.5100000000000001e+01	 1.0000000000000000e+00	 1.5958276990283977e+00	 5.4505506312807483e-06
       45	 4.6100000000000001e+01	 1.0000000000000000e+00	 1.5958488274576723e+00	 5.1034895136581326e-06
       46	 4.7100000000000001e+01	 1.0000000000000000e+00	 1.5958686232501194e+00	 4.7852792235403285e-06
       47	 4.8100000000000001e+01	 1.0000000000000000e+00	 1.5958871961888974e+00	 4.4929829883244565e-06
       48	 4.9100000000000001e+01	 1.0000000000000000e+00	 1.5959046449784253e+00	 4.2240157398509837e-06
       49	 5.0100000000000001e+01	 1.0000000000000000e+00	 1.5959210585597035e+00	 3.9760956838108541e-06
       50	 5.1100000000000001e+01	 1.0000000000000000e+00	 1.5959365172468694e+00	 3.7472037135444225e-06
       51	 5.2100000000000001e+01	 1.0000000000000000e+00	 1.5959510937123937e+00	 3.5355487923993678e-06
       52	 5.3100000000000001e+01	 1.0000000000000000e+00	 1.5959648538433839e+00	 3.3395383951528856e-06
       53	 5.4100000000000001e+01	 1.0000000000000000e+00	 1.5959778574880517e+00	 3.1577533832205518e-06
       54	 5.5100000000000001e+01	 1.0000000000000000e+00	 1.5959901591079699e+00	 2.9889263117865994e-06
       55	 5.6100000000000001e+01	 1.0000000000000000e+00	 1.5960018083496763e+00	 2.8319228633222338e-06
       56	 5.7100000000000001e+01	 1.0000000000000000e+00	 1.5960128505467566e+00	 2.6857258532686501e-06
       57	 5.8100000000000001e+01	 1.0000000000000000e+00	 1.5960233271617454e+00	 2.5494212678722761e-06
       58	 5.9100000000000001e+01	 1.0000000000000000e+00	 1.5960332761762430e+00	 2.4221863981210845e-06
       59	 6.0100000000000001e+01	 1.0000000000000000e+00	 1.5960427324358299e+00	 2.3032792135779800e-06
       60	 6.1100000000000001e+01	 1.0000000000000000e+00	 1.5960517279557571e+00	 2.1920293988841877e-06
       61	 6.2100000000000001e+01	 1.0000000000000000e+00	 1.5960602921924654e+00	 2.0878303388371933e-06
       62	 6.3100000000000001e+01	 1.0000000000000000e+00	 1.5960684522850883e+00	 1.9901321977044972e-06
       63	 6.4100000000000009e+01	 1.0000000000000000e+00	 1.5960762332709564e+00	 1.8984357943452324e-06
       64	 6.5100000000000009e+01	 1.0000000000000000e+00	 1.5960836582778981e+00	 1.8122872624815045e-06
       65	 6.6100000000000009e+01	 1.0000000000000000e+00	 1.5960907486963904e+00	 1.7312732865093494e-06
       66	 6.7100000000000009e+01	 1.0000000000000000e+00	 1.5960975243338815e+00	 1.6550169412710147e-06
       67	 6.8100000000000009e+01	 1.0000000000000000e+00	 1.5961040035533074e+00	 1.5831740824978624e-06
       68	 6.9100000000000009e+01	 1.0000000000000000e+00	 1.5961102033977603e+00	 1.5154299433106644e-06
       69	 7.0100000000000009e+01	 1.0000000000000000e+00	 1.5961161397026622e+00	 1.4514963631029332e-06
       70	 7.1100000000000009e+01	 1.0000000000000000e+00	 1.5961218271970452e+00	 1.3911091407692311e-06
       71	 7.2100000000000009e+01	 1.0000000000000000e+00	 1.5961272795950556e+00	 1.3340257396521338e-06
       72	 7.3100000000000009e+01	 1.0000000000000000e+00	 1.5961325096787320e+00	 1.2800232980225701e-06
       73	 7.4100000000000009e+01	 1.0000000000000000e+00	 1.5961375293730065e+00	 1.2288967070617218e-06
       74	 7.5100000000000009e+01	 1.0000000000000000e+00	 1.5961423498137606e+00	 1.1804570583251461e-06
       75	 7.6100000000000009e+01	 1.0000000000000000e+00	 1.5961469814096709e+00	 1.1345301267340346e-06
       76	 7.7100000000000009e+01	 1.0000000000000000e+00	 1.5961514338984735e+00	 1.0909550809401480e-06
       77	 7.8100000000000009e+01	 1.0000000000000000e+00	 1.5961557163981936e+00	 1.0495832825085927e-06
       78	 7.9100000000000009e+01	 1.0000000000000000e+00	 1.5961598374538717e+00	 1.0102772094455759e-06
       79	 8.0100000000000009e+01	 1.0000000000000000e+00	 1.5961638050802502e+00	 9.7290952716377888e-07
       80	 8.1100000000000009e+01	 1.0000000000000000e+00	 1.5961676268007974e+00	 9.3736220740936460e-07
       81	 8.2100000000000009e+01	 1.0000000000000000e+00	 1.5961713096833794e+00	 9.0352574666496821e-07
       82	 8.3100000000000009e+01	 1.0000000000000000e+00	 1.5961748603729990e+00	 8.7129843429067932e-07
       83	 8.4100000000000009e+01	 1.0000000000000000e+00	 1.5961782851217716e+00	 8.4058573612821874e-07
       84	 8.5100000000000009e+01	 1.0000000000000000e+00	 1.5961815898164975e+00	 8.1129971540860879e-07
       85	 8.6100000000000009e+01	 1.0000000000000000e+00	 1.5961847800039859e+00	 7.8335848385790996e-07
       86	 8.7100000000000009e+01	 1.0000000000000000e+00	 1.5961878609143252e+00	 7.5668572208087426e-07
       87	 8.8100000000000009e+01	 1.0000000000000000e+00	 1.5961908374823537e+00	 7.3121026211708795e-07
       88	 8.9100000000000009e+01	 1.0000000000000000e+00	 1.5961937143674545e+00	 7.0686566999711431e-07
       89	 9.0100000000000009e+01	 1.0000000000000000e+00	 1.5961964959717827e+00	 6.8358988869476889e-07
       90	 9.1100000000000009e+01	 1.0000000000000000e+00	 1.5961991864571257e+00	 6.6132489617842793e-07
       91	 9.2100000000000009e+01	 1.0000000000000000e+00	 1.5962017897604897e+00	 6.4001641675304199e-07
       92	 9.3100000000000009e+01	 1.0000000000000000e+00	 1.5962043096085035e+00	 6.1961362707307899e-07
       93	 9.4100000000000009e+01	 1.0000000000000000e+00	 1.5962067495307752e+00	 6.0006891988706457e-07
       94	 9.5100000000000009e+01	 1.0000000000000000e+00	 1.5962091128722586e+00	 5.8133765268308935e-07
       95	 9.6100000000000009e+01	 1.0000000000000000e+00	 1.5962114028047218e+00	 5.6337794474003999e-07
       96	 9.7100000000000009e+01	 1.0000000000000000e+00	 1.5962136223374044e+00	 5.4615047284656271e-07
       97	 9.8100000000000009e+01	 1.0000000000000000e+00	 1.5962157743269065e+00	 5.2961829943853900e-07
       98	 9.9100000000000009e+01	 1.0000000000000000e+00	 1.5962177596328768e+00	 5.1374669496340175e-07
       99	 1.1000000000000001e+00	 2.0000000000000000e+00	-1.6616249292583620e+02	-1.0426587383782459e-17
      100	 2.1000000000000001e+00	 2.0000000000000000e+00	 1.2258470222154472e+00	 1.4209356195840400e-14
      101	 3.1000000000000001e+00	 2.0000000000000000e+00	 1.4714401204455214e+00	 1.4210388876935150e-14
      102	 4.1000000000000005e+00	 2.0000000000000000e+00	 1.5307569589575394e+00	 2.8421508072504269e-14
      103	 5.1000000000000005e+00	 2.0000000000000000e+00	 1.5554590526540579e+00	 1.4210750096406760e-14
      104	 6.1000000000000005e+00	 2.0000000000000000e+00	 1.5682964735468801e+00	-1.4210915855948621e-14
      105	 7.1000000000000005e+00	 2.0000000000000000e+00	 1.5758662208832703e+00	-1.4210893489611863e-14
      106	 8.0999999999999996e+00	 2.0000000000000000e+00	 1.5807180551518627e+00	-2.6113506123566790e-20
      107	 9.0999999999999996e+00	 2.0000000000000000e+00	 1.5840193947872052e+00	-1.8416032209061200e-20
      108	 1.0100000000000000e+01	 2.0000000000000000e+00	 1.5863695436884910e+00	-1.3469644121295095e-20
      109	 1.1100000000000000e+01	 2.0000000000000000e+00	 1.5881029431133129e+00	-1.4210864862520839e-14
      110	 1.2100000000000000e+01	 2.0000000000000000e+00	 1.5894185662059925e+00	-7.8336494243294238e-21
      111	 1.3100000000000000e+01	 2.0000000000000000e+00	 1.5904409666683392e+00	-6.1731432614669321e-21
      112	 1.4100000000000000e+01	 2.0000000000000000e+00	 1.5912514156909623e+00	-1.4210859665859769e-14
      113	 1.5100000000000001e+01	 2.0000000000000000e+00	 1.5919048067699464e+00	-4.0307828394346747e-21
      114	 1.6100000000000001e+01	 2.0000000000000000e+00	 1.5924393175543372e+00	 1.4210851389811787e-14
      115	 1.7100000000000001e+01	 2.0000000000000000e+00	 1.5928821751936937e+00	 1.4210851939761565e-14
      116	 1.8100000000000001e+01	 2.0000000000000000e+00	 1.5932532252651583e+00	-2.3403699770048057e-21
      117	 1.9100000000000001e+01	 2.0000000000000000e+00	 1.5935672121992823e+00	-1.4210856706884658e-14
      118	 2.0100000000000001e+01	 2.0000000000000000e+00	 1.5938352772681412e+00	-7.1054290665616820e-15
      119	 2.1100000000000001e+01	 2.0000000000000000e+00	 1.5940659668730390e+00	-7.1054288349152174e-15
      120	 2.2100000000000001e+01	 2.0000000000000000e+00	 1.5942659260654253e+00	-7.1054286433121858e-15
      121	 2.3100000000000001e+01	 2.0000000000000000e+00	 1.5944403848880313e+00	-1.1258597758106534e-21
      122	 2.4100000000000001e+01	 2.0000000000000000e+00	 1.5945935054212441e+00	-9.9144611448087520e-22
      123	 2.5100000000000001e+01	 2.0000000000000000e+00	 1.5947286333656123e+00	-8.7760497874943318e-22
      124	 2.6100000000000001e+01	 2.0000000000000000e+00	 1.5948484830539087e+00	 7.1054265770546093e-15
      125	 2.7100000000000001e+01	 2.0000000000000000e+00	 1.5949552753012384e+00	 7.1054266603127145e-15
      126	 2.8100000000000001e+01	 2.0000000000000000e+00	 1.5950508413570432e+00	 1.4210854089739494e-14
      127	 2.9100000000000001e+01	 2.0000000000000000e+00	 1.5951367021664922e+00	 1.4210854152029716e-14
      128	 3.0100000000000001e+01	 2.0000000000000000e+00	 1.5952141294265303e+00	 7.1054268487147055e-15
      129	 3.1100000000000001e+01	 2.0000000000000000e+00	 1.5952841930654174e+00	-4.6135908357267788e-22
      130	 3.2100000000000001e+01	 2.0000000000000000e+00	 1.5953477984912396e+00	-7.1054277771716958e-15
      131	 3.3100000000000001e+01	 2.0000000000000000e+00	 1.5954057160545290e+00	-1.4210855097882439e-14
      132	 3.4100000000000001e+01	 2.0000000000000000e+00	 1.5954586045314727e+00	 7.1054270076098174e-15
      133	 3.5100000000000001e+01	 2.0000000000000000e+00	 1.5955070299761758e+00	 1.4210854394280444e-14
      134	 3.6100000000000001e+01	 2.0000000000000000e+00	 1.5955514809572833e+00	 1.4210854420217884e-14
      135	 3.7100000000000001e+01	 2.0000000000000000e+00	 1.5955923809505776e+00	 7.1054270858328791e-15
      136	 3.8100000000000001e+01	 2.0000000000000000e+00	 1.5956300984786083e+00	 7.1054271066752026e-15
      137	 3.9100000000000001e+01	 2.0000000000000000e+00	 1.5956649554537918e+00	 7.1054271254396248e-15
      138	 4.0100000000000001e+01	 2.0000000000000000e+00	 1.5956972340798075e+00	-2.1522222899996007e-22
      139	 4.1100000000000001e+01	 2.0000000000000000e+00	 1.5957271825893145e+00	-7.1054275574927086e-15
      140	 4.2100000000000001e+01	 2.0000000000000000e+00	 1.5957550200368900e+00	-1.8598330254780321e-22
      141	 4.3100000000000001e+01	 2.0000000000000000e+00	 1.5957809403210064e+00	-7.1054275309368674e-15
      142	 4.4100000000000001e+01	 2.0000000000000000e+00	 1.5958051155735973e+00	-2.1316282234612678e-14
      143	 4.5100000000000001e+01	 2.0000000000000000e+00	 1.5958276990284048e+00	-1.4210854866485173e-14
      144	 4.6100000000000001e+01	 2.0000000000000000e+00	 1.5958488274576865e+00	-1.4210854856852294e-14
      145	 4.7100000000000001e+01	 2.0000000000000000e+00	 1.5958686232501194e+00	-7.1054274904191806e-15
      146	 4.8100000000000001e+01	 2.0000000000000000e+00	 1.5958871961888903e+00	-1.4210854839907332e-14
      147	 4.9100000000000001e+01	 2.0000000000000000e+00	 1.5959046449784324e+00	-7.1054274748409905e-15
      148	 5.0100000000000001e+01	 2.0000000000000000e+00	 1.5959210585597035e+00	-7.1054274679598263e-15
      149	 5.1100000000000001e+01	 2.0000000000000000e+00	 1.5959365172468765e+00	-1.0400579605340499e-22
      150	 5.2100000000000001e+01	 2.0000000000000000e+00	 1.5959510937123937e+00	-9.8131191698328179e-23
      151	 5.3100000000000001e+01	 2.0000000000000000e+00	 1.5959648538433768e+00	-9.2690810472736690e-23
      152	 5.4100000000000001e+01	 2.0000000000000000e+00	 1.5959778574880517e+00	-8.7645262783622735e-23
      153	 5.5100000000000001e+01	 2.0000000000000000e+00	 1.5959901591079699e+00	 7.1054272746416320e-15
      154	 5.6100000000000001e+01	 2.0000000000000000e+00	 1.5960018083496763e+00	-7.8601649318757205e-23
      155	 5.7100000000000001e+01	 2.0000000000000000e+00	 1.5960128505467495e+00	-7.4543866971864965e-23
      156	 5.8100000000000001e+01	 2.0000000000000000e+00	 1.5960233271617454e+00	-7.0760655214804551e-23
      157	 5.9100000000000001e+01	 2.0000000000000000e+00	 1.5960332761762501e+00	 7.1054272903718237e-15
      158	 6.0100000000000001e+01	 2.0000000000000000e+00	 1.5960427324358299e+00	-6.3928840390514612e-23
      159	 6.1100000000000001e+01	 2.0000000000000000e+00	 1.5960517279557571e+00	 3.5527136179594632e-15
      160	 6.2100000000000001e+01	 2.0000000000000000e+00	 1.5960602921924654e+00	-5.7948932796605837e-23
      161	 6.3100000000000001e+01	 2.0000000000000000e+00	 1.5960684522850848e+00	-3.5527137340377658e-15
      162	 6.4100000000000009e+01	 2.0000000000000000e+00	 1.5960762332709564e+00	-5.2692178486691021e-23
      163	 6.5100000000000009e+01	 2.0000000000000000e+00	 1.5960836582779052e+00	-5.0301076217783193e-23
      164	 6.6100000000000009e+01	 2.0000000000000000e+00	 1.5960907486963904e+00	 3.5527136307480147e-15
      165	 6.7100000000000009e+01	 2.0000000000000000e+00	 1.5960975243338780e+00	-4.5935947871330461e-23
      166	 6.8100000000000009e+01	 2.0000000000000000e+00	 1.5961040035533109e+00	 7.1054273136590939e-15
      167	 6.9100000000000009e+01	 2.0000000000000000e+00	 1.5961102033977639e+00	 3.5527136367388705e-15
      168	 7.0100000000000009e+01	 2.0000000000000000e+00	 1.5961161397026622e+00	 7.1054273173138849e-15
      169	 7.1100000000000009e+01	 2.0000000000000000e+00	 1.5961218271970417e+00	 3.5527136401894661e-15
      170	 7.2100000000000009e+01	 2.0000000000000000e+00	 1.5961272795950521e+00	-3.7026652369079777e-23
      171	 7.3100000000000009e+01	 2.0000000000000000e+00	 1.5961325096787320e+00	-3.5527783359555463e-23
      172	 7.4100000000000009e+01	 2.0000000000000000e+00	 1.5961375293730065e+00	-3.4108735468986352e-23
      173	 7.5100000000000009e+01	 2.0000000000000000e+00	 1.5961423498137606e+00	-3.2764265144939911e-23
      174	 7.6100000000000009e+01	 2.0000000000000000e+00	 1.5961469814096709e+00	-3.5527137102900376e-15
      175	 7.7100000000000009e+01	 2.0000000000000000e+00	 1.5961514338984770e+00	-3.0280086304877226e-23
      176	 7.8100000000000009e+01	 2.0000000000000000e+00	 1.5961557163981901e+00	 3.5527136496687130e-15
      177	 7.9100000000000009e+01	 2.0000000000000000e+00	 1.5961598374538681e+00	-2.8040825341869474e-23
      178	 8.0100000000000009e+01	 2.0000000000000000e+00	 1.5961638050802520e+00	-3.5527137058041650e-15
      179	 8.1100000000000009e+01	 2.0000000000000000e+00	 1.5961676268007974e+00	-1.7763568654172783e-15
      180	 8.2100000000000009e+01	 2.0000000000000000e+00	 1.5961713096833812e+00	-1.7763568644781276e-15
      181	 8.3100000000000009e+01	 2.0000000000000000e+00	 1.5961748603729990e+00	-2.4183389541604599e-23
      182	 8.4100000000000009e+01	 2.0000000000000000e+00	 1.5961782851217698e+00	 1.7763568160693096e-15
      183	 8.5100000000000009e+01	 2.0000000000000000e+00	 1.5961815898164975e+00	-2.2518090621198987e-23
      184	 8.6100000000000009e+01	 2.0000000000000000e+00	 1.5961847800039877e+00	-1.7763568611428162e-15
      185	 8.7100000000000009e+01	 2.0000000000000000e+00	 1.5961878609143252e+00	-2.1002247775517563e-23
      186	 8.8100000000000009e+01	 2.0000000000000000e+00	 1.5961908374823519e+00	-1.7763568596954122e-15
      187	 8.9100000000000009e+01	 2.0000000000000000e+00	 1.5961937143674536e+00	-1.7763568590197142e-15
      188	 9.0100000000000009e+01	 2.0000000000000000e+00	 1.5961964959717836e+00	-8.8817843867355608e-16
      189	 9.1100000000000009e+01	 2.0000000000000000e+00	 1.5961991864571266e+00	-1.7763568577557038e-15
      190	 9.2100000000000009e+01	 2.0000000000000000e+00	 1.5962017897604897e+00	-1.7763568571642743e-15
      191	 9.3100000000000009e+01	 2.0000000000000000e+00	 1.5962043096085026e+00	-1.7763568565979834e-15
      192	 9.4100000000000009e+01	 2.0000000000000000e+00	 1.5962067495307757e+00	-1.7763568560555086e-15
      193	 9.5100000000000009e+01	 2.0000000000000000e+00	 1.5962091128722595e+00	-1.3322676456855490e-15
      194	 9.6100000000000009e+01	 2.0000000000000000e+00	 1.5962114028047214e+00	-4.4408922548694177e-16
      195	 9.7100000000000009e+01	 2.0000000000000000e+00	 1.5962136223374044e+00	-4.4408922500878340e-16
      196	 9.8100000000000009e+01	 2.0000000000000000e+00	 1.5962157743269070e+00	-2.2204461962489207e-16
      197	 9.9100000000000009e+01	 2.0000000000000000e+00	 1.5962177596328766e+00	-1.4259335235773430e-23
      198	 1.1000000000000001e+00	 3.0000000000000000e+00	-1.6616249292583620e+02	-1.0426587383782459e-17
      199	 2.1000000000000001e+00	 3.0000000000000000e+00	 1.2258470222154614e+00	 1.4209356195840400e-14
      200	 3.1000000000000001e+00	 3.0000000000000000e+00	 1.4714401204455214e+00	 1.4210388876935150e-14
      201	 4.1000000000000005e+00	 3.0000000000000000e+00	 1.5307569589575394e+00	 1.4210653357302265e-14
      202	 5.1000000000000005e+00	 3.0000000000000000e+00	 1.5554590526540437e+00	 1.4210750096406760e-14
      203	 6.1000000000000005e+00	 3.0000000000000000e+00	 1.5682964735468659e+00	 1.4210793574455386e-14
      204	 7.1000000000000005e+00	 3.0000000000000000e+00	 1.5758662208832703e+00	-3.8774409861151104e-20
      205	 8.0999999999999996e+00	 3.0000000000000000e+00	 1.5807180551518769e+00	-2.6113506123566790e-20
      206	 9.0999999999999996e+00	 3.0000000000000000e+00	 1.5840193947872052e+00	 1.4210836299169794e-14
      207	 1.0100000000000000e+01	 3.0000000000000000e+00	 1.5863695436884768e+00	 1.4210841245557882e-14
      208	 1.1100000000000000e+01	 3.0000000000000000e+00	 1.5881029431133413e+00	 1.4210844567883167e-14
      209	 1.2100000000000000e+01	 3.0000000000000000e+00	 1.5894185662059783e+00	-7.8336494243294238e-21
      210	 1.3100000000000000e+01	 3.0000000000000000e+00	 1.5904409666682966e+00	-1.4210860888345265e-14
      211	 1.4100000000000000e+01	 3.0000000000000000e+00	 1.5912514156909765e+00	-1.4210859665859769e-14
      212	 1.5100000000000001e+01	 3.0000000000000000e+00	 1.5919048067699606e+00	-4.0307828394346747e-21
      213	 1.6100000000000001e+01	 3.0000000000000000e+00	 1.5924393175543230e+00	 1.4210851389811787e-14
      214	 1.7100000000000001e+01	 3.0000000000000000e+00	 1.5928821751936937e+00	 1.4210851939761565e-14
      215	 1.8100000000000001e+01	 3.0000000000000000e+00	 1.5932532252651725e+00	-2.3403699770048057e-21
      216	 1.9100000000000001e+01	 3.0000000000000000e+00	 1.5935672121992823e+00	-1.9916826542590202e-21
      217	 2.0100000000000001e+01	 3.0000000000000000e+00	 1.5938352772681341e+00	-7.1054290665616820e-15
      218	 2.1100000000000001e+01	 3.0000000000000000e+00	 1.5940659668730319e+00	-7.1054288349152174e-15
      219	 2.2100000000000001e+01	 3.0000000000000000e+00	 1.5942659260654324e+00	-1.4210856000913189e-14
      220	 2.3100000000000001e+01	 3.0000000000000000e+00	 1.5944403848880384e+00	-7.1054284834607772e-15
      221	 2.4100000000000001e+01	 3.0000000000000000e+00	 1.5945935054212441e+00	-9.9144611448087520e-22
      222	 2.5100000000000001e+01	 3.0000000000000000e+00	 1.5947286333656194e+00	-7.1054282352059805e-15
      223	 2.6100000000000001e+01	 3.0000000000000000e+00	 1.5948484830539158e+00	 7.1054265770546093e-15
      224	 2.7100000000000001e+01	 3.0000000000000000e+00	 1.5949552753012455e+00	 7.1054266603127145e-15
      225	 2.8100000000000001e+01	 3.0000000000000000e+00	 1.5950508413570432e+00	 1.4210854089739494e-14
      226	 2.9100000000000001e+01	 3.0000000000000000e+00	 1.5951367021664851e+00	 1.4210854152029716e-14
      227	 3.0100000000000001e+01	 3.0000000000000000e+00	 1.5952141294265232e+00	 1.4210854206315707e-14
      228	 3.1100000000000001e+01	 3.0000000000000000e+00	 1.5952841930654031e+00	 7.1054268962419185e-15
      229	 3.2100000000000001e+01	 3.0000000000000000e+00	 1.5953477984912325e+00	-4.1957069346150704e-22
      230	 3.3100000000000001e+01	 3.0000000000000000e+00	 1.5954057160545432e+00	-3.8268043722789350e-22
      231	 3.4100000000000001e+01	 3.0000000000000000e+00	 1.5954586045314869e+00	 1.4210854365210819e-14
      232	 3.5100000000000001e+01	 3.0000000000000000e+00	 1.5955070299761758e+00	 1.4210854394280444e-14
      233	 3.6100000000000001e+01	 3.0000000000000000e+00	 1.5955514809572762e+00	 7.1054270626168817e-15
      234	 3.7100000000000001e+01	 3.0000000000000000e+00	 1.5955923809505705e+00	-2.7176812243199050e-22
      235	 3.8100000000000001e+01	 3.0000000000000000e+00	 1.5956300984786083e+00	-2.5092579904742667e-22
      236	 3.9100000000000001e+01	 3.0000000000000000e+00	 1.5956649554537918e+00	 1.4210854483040627e-14
      237	 4.0100000000000001e+01	 3.0000000000000000e+00	 1.5956972340798004e+00	 7.1054271423787727e-15
      238	 4.1100000000000001e+01	 3.0000000000000000e+00	 1.5957271825893216e+00	-1.9989170721801521e-22
      239	 4.2100000000000001e+01	 3.0000000000000000e+00	 1.5957550200368900e+00	-7.1054275435843051e-15
      240	 4.3100000000000001e+01	 3.0000000000000000e+00	 1.5957809403209922e+00	-7.1054275309368674e-15
      241	 4.4100000000000001e+01	 3.0000000000000000e+00	 1.5958051155735973e+00	-1.6180967083511280e-22
      242	 4.5100000000000001e+01	 3.0000000000000000e+00	 1.5958276990284048e+00	-7.1054275088841724e-15
      243	 4.6100000000000001e+01	 3.0000000000000000e+00	 1.5958488274576794e+00	-7.1054274992512910e-15
      244	 4.7100000000000001e+01	 3.0000000000000000e+00	 1.5958686232501194e+00	-1.4210854848020182e-14
      245	 4.8100000000000001e+01	 3.0000000000000000e+00	 1.5958871961888974e+00	-7.1054274823063315e-15
      246	 4.9100000000000001e+01	 3.0000000000000000e+00	 1.5959046449784324e+00	-7.1054274748409905e-15
      247	 5.0100000000000001e+01	 3.0000000000000000e+00	 1.5959210585597106e+00	-7.1054274679598263e-15
      248	 5.1100000000000001e+01	 3.0000000000000000e+00	 1.5959365172468765e+00	-1.0400579605340499e-22
      249	 5.2100000000000001e+01	 3.0000000000000000e+00	 1.5959510937123937e+00	-9.8131191698328179e-23
      250	 5.3100000000000001e+01	 3.0000000000000000e+00	 1.5959648538433839e+00	-9.2690810472736690e-23
      251	 5.4100000000000001e+01	 3.0000000000000000e+00	 1.5959778574880588e+00	 7.1054272699557391e-15
      252	 5.5100000000000001e+01	 3.0000000000000000e+00	 1.5959901591079699e+00	 7.1054272746416320e-15
      253	 5.6100000000000001e+01	 3.0000000000000000e+00	 1.5960018083496692e+00	 7.1054272789993525e-15
      254	 5.7100000000000001e+01	 3.0000000000000000e+00	 1.5960128505467566e+00	-7.4543866971864965e-23
      255	 5.8100000000000001e+01	 3.0000000000000000e+00	 1.5960233271617525e+00	 7.1054272868403467e-15
      256	 5.9100000000000001e+01	 3.0000000000000000e+00	 1.5960332761762430e+00	 7.1054272903718237e-15
      257	 6.0100000000000001e+01	 3.0000000000000000e+00	 1.5960427324358264e+00	 3.5527136148716605e-15
      258	 6.1100000000000001e+01	 3.0000000000000000e+00	 1.5960517279557571e+00	 3.5527136179594632e-15
      259	 6.2100000000000001e+01	 3.0000000000000000e+00	 1.5960602921924583e+00	-5.7948932796605837e-23
      260	 6.3100000000000001e+01	 3.0000000000000000e+00	 1.5960684522850812e+00	-7.1054274128382668e-15
      261	 6.4100000000000009e+01	 3.0000000000000000e+00	 1.5960762332709599e+00	-5.2692178486691021e-23
      262	 6.5100000000000009e+01	 3.0000000000000000e+00	 1.5960836582779088e+00	-5.0301076217783193e-23
      263	 6.6100000000000009e+01	 3.0000000000000000e+00	 1.5960907486963904e+00	-3.5527137268529871e-15
      264	 6.7100000000000009e+01	 3.0000000000000000e+00	 1.5960975243338780e+00	-3.5527137247364489e-15
      265	 6.8100000000000009e+01	 3.0000000000000000e+00	 1.5961040035533109e+00	-3.5527137227424089e-15
      266	 6.9100000000000009e+01	 3.0000000000000000e+00	 1.5961102033977674e+00	-4.2061630189064193e-23
      267	 7.0100000000000009e+01	 3.0000000000000000e+00	 1.5961161397026622e+00	-4.0287116917530720e-23
      268	 7.1100000000000009e+01	 3.0000000000000000e+00	 1.5961218271970381e+00	-3.5527137174115354e-15
      269	 7.2100000000000009e+01	 3.0000000000000000e+00	 1.5961272795950521e+00	-3.7026652369079777e-23
      270	 7.3100000000000009e+01	 3.0000000000000000e+00	 1.5961325096787320e+00	-3.5527783359555463e-23
      271	 7.4100000000000009e+01	 3.0000000000000000e+00	 1.5961375293730065e+00	-3.5527137129092364e-15
      272	 7.5100000000000009e+01	 3.0000000000000000e+00	 1.5961423498137570e+00	-3.5527137115647658e-15
      273	 7.6100000000000009e+01	 3.0000000000000000e+00	 1.5961469814096709e+00	-7.1054273890905385e-15
      274	 7.7100000000000009e+01	 3.0000000000000000e+00	 1.5961514338984806e+00	-3.5527137090805876e-15
      275	 7.8100000000000009e+01	 3.0000000000000000e+00	 1.5961557163981936e+00	-3.5527137079322893e-15
      276	 7.9100000000000009e+01	 3.0000000000000000e+00	 1.5961598374538646e+00	-7.1054273856418279e-15
      277	 8.0100000000000009e+01	 3.0000000000000000e+00	 1.5961638050802485e+00	-1.7763568664039146e-15
      278	 8.1100000000000009e+01	 3.0000000000000000e+00	 1.5961676268007992e+00	-2.6017027750397288e-23
      279	 8.2100000000000009e+01	 3.0000000000000000e+00	 1.5961713096833812e+00	-1.7763568644781276e-15
      280	 8.3100000000000009e+01	 3.0000000000000000e+00	 1.5961748603730026e+00	-2.4183389541604599e-23
      281	 8.4100000000000009e+01	 3.0000000000000000e+00	 1.5961782851217716e+00	-2.3330941000234344e-23
      282	 8.5100000000000009e+01	 3.0000000000000000e+00	 1.5961815898164975e+00	 3.5527136562824104e-15
      283	 8.6100000000000009e+01	 3.0000000000000000e+00	 1.5961847800039859e+00	 1.7763568176576849e-15
      284	 8.7100000000000009e+01	 3.0000000000000000e+00	 1.5961878609143216e+00	-2.1002247775517563e-23
      285	 8.8100000000000009e+01	 3.0000000000000000e+00	 1.5961908374823519e+00	-1.7763568596954122e-15
      286	 8.9100000000000009e+01	 3.0000000000000000e+00	 1.5961937143674545e+00	-1.7763568590197142e-15
      287	 9.0100000000000009e+01	 3.0000000000000000e+00	 1.5961964959717827e+00	-1.7763568583736813e-15
      288	 9.1100000000000009e+01	 3.0000000000000000e+00	 1.5961991864571266e+00	-2.6645352774558291e-15
      289	 9.2100000000000009e+01	 3.0000000000000000e+00	 1.5962017897604897e+00	-2.6645352768643996e-15
      290	 9.3100000000000009e+01	 3.0000000000000000e+00	 1.5962043096085035e+00	-2.6645352762981086e-15
      291	 9.4100000000000009e+01	 3.0000000000000000e+00	 1.5962067495307761e+00	-8.8817843635538359e-16
      292	 9.5100000000000009e+01	 3.0000000000000000e+00	 1.5962091128722600e+00	-1.3322676456855490e-15
      293	 9.6100000000000009e+01	 3.0000000000000000e+00	 1.5962114028047218e+00	-1.3322676451870670e-15
      294	 9.7100000000000009e+01	 3.0000000000000000e+00	 1.5962136223374046e+00	-8.8817843485884602e-16
      295	 9.8100000000000009e+01	 3.0000000000000000e+00	 1.5962157743269070e+00	-4.4408922454992332e-16
      296	 9.9100000000000009e+01	 3.0000000000000000e+00	 1.5962177596328770e+00	-3.3306692164688220e-16
      297	 1.1000000000000001e+00	 4.0000000000000000e+00	-1.6616249292583620e+02	-1.0426587383782459e-17
      298	 2.1000000000000001e+00	 4.0000000000000000e+00	 1.2258470222154614e+00	-1.4212353234563609e-14
      299	 3.1000000000000001e+00	 4.0000000000000000e+00	 1.4714401204455214e+00	-4.6583826685289029e-19
      300	 4.1000000000000005e+00	 4.0000000000000000e+00	 1.5307569589575394e+00	-1.4211056073101742e-14
      301	 5.1000000000000005e+00	 4.0000000000000000e+00	 1.5554590526540579e+00	-1.0461879524326581e-19
      302	 6.1000000000000005e+00	 4.0000000000000000e+00	 1.5682964735468659e+00	-6.1140746616740832e-20
      303	 7.1000000000000005e+00	 4.0000000000000000e+00	 1.5758662208832561e+00	-3.8774409861151104e-20
      304	 8.0999999999999996e+00	 4.0000000000000000e+00	 1.5807180551518769e+00	-1.4210880828708128e-14
      305	 9.0999999999999996e+00	 4.0000000000000000e+00	 1.5840193947872194e+00	-1.4210873131234213e-14
      306	 1.0100000000000000e+01	 4.0000000000000000e+00	 1.5863695436884910e+00	 1.4210841245557882e-14
      307	 1.1100000000000000e+01	 4.0000000000000000e+00	 1.5881029431133271e+00	 1.4210844567883167e-14
      308	 1.2100000000000000e+01	 4.0000000000000000e+00	 1.5894185662059641e+00	-1.4210862548851429e-14
      309	 1.3100000000000000e+01	 4.0000000000000000e+00	 1.5904409666682966e+00	-6.1731432614669321e-21
      310	 1.4100000000000000e+01	 4.0000000000000000e+00	 1.5912514156909765e+00	-4.9506577639845226e-21
      311	 1.5100000000000001e+01	 4.0000000000000000e+00	 1.5919048067699748e+00	-4.0307828394346747e-21
      312	 1.6100000000000001e+01	 4.0000000000000000e+00	 1.5924393175543230e+00	-3.3253902164302987e-21
      313	 1.7100000000000001e+01	 4.0000000000000000e+00	 1.5928821751936795e+00	-1.4210857490642441e-14
      314	 1.8100000000000001e+01	 4.0000000000000000e+00	 1.5932532252651725e+00	 1.4210852374832027e-14
      315	 1.9100000000000001e+01	 4.0000000000000000e+00	 1.5935672121992823e+00	 1.4210852723519350e-14
      316	 2.0100000000000001e+01	 4.0000000000000000e+00	 1.5938352772681341e+00	-1.7089606801041518e-21
      317	 2.1100000000000001e+01	 4.0000000000000000e+00	 1.5940659668730177e+00	-1.4773142157223059e-21
      318	 2.2100000000000001e+01	 4.0000000000000000e+00	 1.5942659260654253e+00	-7.1054286433121858e-15
      319	 2.3100000000000001e+01	 4.0000000000000000e+00	 1.5944403848880455e+00	-7.1054284834607772e-15
      320	 2.4100000000000001e+01	 4.0000000000000000e+00	 1.5945935054212441e+00	-7.1054283490471162e-15
      321	 2.5100000000000001e+01	 4.0000000000000000e+00	 1.5947286333656194e+00	-1.4210855592806984e-14
      322	 2.6100000000000001e+01	 4.0000000000000000e+00	 1.5948484830539229e+00	-1.4210855495748397e-14
      323	 2.7100000000000001e+01	 4.0000000000000000e+00	 1.5949552753012455e+00	-6.9728828728266777e-22
      324	 2.8100000000000001e+01	 4.0000000000000000e+00	 1.5950508413570503e+00	-7.1054279830635117e-15
      325	 2.9100000000000001e+01	 4.0000000000000000e+00	 1.5951367021664922e+00	 1.4210854152029716e-14
      326	 3.0100000000000001e+01	 4.0000000000000000e+00	 1.5952141294265232e+00	 1.4210854206315707e-14
      327	 3.1100000000000001e+01	 4.0000000000000000e+00	 1.5952841930654031e+00	 1.4210854253842920e-14
      328	 3.2100000000000001e+01	 4.0000000000000000e+00	 1.5953477984912325e+00	 1.4210854295631310e-14
      329	 3.3100000000000001e+01	 4.0000000000000000e+00	 1.5954057160545432e+00	 1.4210854332521566e-14
      330	 3.4100000000000001e+01	 4.0000000000000000e+00	 1.5954586045314869e+00	 7.1054270076098174e-15
      331	 3.5100000000000001e+01	 4.0000000000000000e+00	 1.5955070299761687e+00	 1.4210854394280444e-14
      332	 3.6100000000000001e+01	 4.0000000000000000e+00	 1.5955514809572691e+00	-2.9498412002985888e-22
      333	 3.7100000000000001e+01	 4.0000000000000000e+00	 1.5955923809505705e+00	-2.7176812243199050e-22
      334	 3.8100000000000001e+01	 4.0000000000000000e+00	 1.5956300984786083e+00	 7.1054271066752026e-15
      335	 3.9100000000000001e+01	 4.0000000000000000e+00	 1.5956649554537989e+00	-2.3216137680349937e-22
      336	 4.0100000000000001e+01	 4.0000000000000000e+00	 1.5956972340798075e+00	 7.1054271423787727e-15
      337	 4.1100000000000001e+01	 4.0000000000000000e+00	 1.5957271825893002e+00	 7.1054271577092944e-15
      338	 4.2100000000000001e+01	 4.0000000000000000e+00	 1.5957550200368829e+00	-7.1054275435843051e-15
      339	 4.3100000000000001e+01	 4.0000000000000000e+00	 1.5957809403210135e+00	-7.1054275309368674e-15
      340	 4.4100000000000001e+01	 4.0000000000000000e+00	 1.5958051155735973e+00	-7.1054275194106724e-15
      341	 4.5100000000000001e+01	 4.0000000000000000e+00	 1.5958276990283835e+00	-7.1054275088841724e-15
      342	 4.6100000000000001e+01	 4.0000000000000000e+00	 1.5958488274576794e+00	-7.1054274992512910e-15
      343	 4.7100000000000001e+01	 4.0000000000000000e+00	 1.5958686232501336e+00	-7.1054274904191806e-15
      344	 4.8100000000000001e+01	 4.0000000000000000e+00	 1.5958871961888974e+00	-7.1054274823063315e-15
      345	 4.9100000000000001e+01	 4.0000000000000000e+00	 1.5959046449784324e+00	 7.1054272403610132e-15
      346	 5.0100000000000001e+01	 4.0000000000000000e+00	 1.5959210585597106e+00	-1.1035882432778639e-22
      347	 5.1100000000000001e+01	 4.0000000000000000e+00	 1.5959365172468836e+00	-1.0400579605340499e-22
      348	 5.2100000000000001e+01	 4.0000000000000000e+00	 1.5959510937123937e+00	 7.1054272594698102e-15
      349	 5.3100000000000001e+01	 4.0000000000000000e+00	 1.5959648538433839e+00	-9.2690810472736690e-23
      350	 5.4100000000000001e+01	 4.0000000000000000e+00	 1.5959778574880588e+00	 7.1054272699557391e-15
      351	 5.5100000000000001e+01	 4.0000000000000000e+00	 1.5959901591079699e+00	 7.1054272746416320e-15
      352	 5.6100000000000001e+01	 4.0000000000000000e+00	 1.5960018083496692e+00	 1.4210854636600354e-14
      353	 5.7100000000000001e+01	 4.0000000000000000e+00	 1.5960128505467495e+00	 1.4210854640658137e-14
      354	 5.8100000000000001e+01	 4.0000000000000000e+00	 1.5960233271617525e+00	 7.1054272868403467e-15
      355	 5.9100000000000001e+01	 4.0000000000000000e+00	 1.5960332761762466e+00	-6.7229177834772103e-23
      356	 6.0100000000000001e+01	 4.0000000000000000e+00	 1.5960427324358264e+00	 3.5527136148716605e-15
      357	 6.1100000000000001e+01	 4.0000000000000000e+00	 1.5960517279557536e+00	-3.5527137396415387e-15
      358	 6.2100000000000001e+01	 4.0000000000000000e+00	 1.5960602921924547e+00	-3.5527137367494334e-15
      359	 6.3100000000000001e+01	 4.0000000000000000e+00	 1.5960684522850848e+00	-3.5527137340377658e-15
      360	 6.4100000000000009e+01	 4.0000000000000000e+00	 1.5960762332709635e+00	-3.5527137314926797e-15
      361	 6.5100000000000009e+01	 4.0000000000000000e+00	 1.5960836582779017e+00	 3.5527136284994247e-15
      362	 6.6100000000000009e+01	 4.0000000000000000e+00	 1.5960907486963869e+00	-4.8052486388078367e-23
      363	 6.7100000000000009e+01	 4.0000000000000000e+00	 1.5960975243338780e+00	-4.5935947871330461e-23
      364	 6.8100000000000009e+01	 4.0000000000000000e+00	 1.5961040035533145e+00	-7.1054274015429098e-15
      365	 6.9100000000000009e+01	 4.0000000000000000e+00	 1.5961102033977674e+00	-4.2061630189064193e-23
      366	 7.0100000000000009e+01	 4.0000000000000000e+00	 1.5961161397026586e+00	-7.1054273978881188e-15
      367	 7.1100000000000009e+01	 4.0000000000000000e+00	 1.5961218271970417e+00	-7.1054273962120371e-15
      368	 7.2100000000000009e+01	 4.0000000000000000e+00	 1.5961272795950556e+00	-3.5527137158271532e-15
      369	 7.3100000000000009e+01	 4.0000000000000000e+00	 1.5961325096787284e+00	-3.5527137143282844e-15
      370	 7.4100000000000009e+01	 4.0000000000000000e+00	 1.5961375293730029e+00	-7.1054273917097365e-15
      371	 7.5100000000000009e+01	 4.0000000000000000e+00	 1.5961423498137570e+00	-7.1054273903652667e-15
      372	 7.6100000000000009e+01	 4.0000000000000000e+00	 1.5961469814096709e+00	-7.1054273890905385e-15
      373	 7.7100000000000009e+01	 4.0000000000000000e+00	 1.5961514338984806e+00	-7.1054273878810885e-15
      374	 7.8100000000000009e+01	 4.0000000000000000e+00	 1.5961557163981936e+00	-3.5527137079322893e-15
      375	 7.9100000000000009e+01	 4.0000000000000000e+00	 1.5961598374538699e+00	-2.8040825341869474e-23
      376	 8.0100000000000009e+01	 4.0000000000000000e+00	 1.5961638050802520e+00	-2.7003663939946554e-23
      377	 8.1100000000000009e+01	 4.0000000000000000e+00	 1.5961676268007974e+00	-2.6017027750397288e-23
      378	 8.2100000000000009e+01	 4.0000000000000000e+00	 1.5961713096833812e+00	-2.5077877202279093e-23
      379	 8.3100000000000009e+01	 4.0000000000000000e+00	 1.5961748603730008e+00	-2.4183389541604599e-23
      380	 8.4100000000000009e+01	 4.0000000000000000e+00	 1.5961782851217734e+00	-1.7763568627311916e-15
      381	 8.5100000000000009e+01	 4.0000000000000000e+00	 1.5961815898165028e+00	 3.5527136562824104e-15
      382	 8.6100000000000009e+01	 4.0000000000000000e+00	 1.5961847800039841e+00	 3.5527136570579352e-15
      383	 8.7100000000000009e+01	 4.0000000000000000e+00	 1.5961878609143181e+00	-2.1002247775517563e-23
      384	 8.8100000000000009e+01	 4.0000000000000000e+00	 1.5961908374823501e+00	-1.7763568596954122e-15
      385	 8.9100000000000009e+01	 4.0000000000000000e+00	 1.5961937143674536e+00	-3.5527136984199647e-15
      386	 9.0100000000000009e+01	 4.0000000000000000e+00	 1.5961964959717827e+00	-3.5527136977739318e-15
      387	 9.1100000000000009e+01	 4.0000000000000000e+00	 1.5961991864571257e+00	-3.5527136971559539e-15
      388	 9.2100000000000009e+01	 4.0000000000000000e+00	 1.5962017897604897e+00	-2.6645352768643996e-15
      389	 9.3100000000000009e+01	 4.0000000000000000e+00	 1.5962043096085043e+00	-1.7763568565979834e-15
      390	 9.4100000000000009e+01	 4.0000000000000000e+00	 1.5962067495307770e+00	-8.8817843635538359e-16
      391	 9.5100000000000009e+01	 4.0000000000000000e+00	 1.5962091128722591e+00	-1.3322676456855490e-15
      392	 9.6100000000000009e+01	 4.0000000000000000e+00	 1.5962114028047218e+00	-1.7763568550371294e-15
      393	 9.7100000000000009e+01	 4.0000000000000000e+00	 1.5962136223374053e+00	-1.3322676447089086e-15
      394	 9.8100000000000009e+01	 4.0000000000000000e+00	 1.5962157743269079e+00	-6.6613382947495463e-16
      395	 9.9100000000000009e+01	 4.0000000000000000e+00	 1.5962177596328775e+00	-3.3306692164688220e-16
      396	 1.1000000000000001e+00	 5.0000000000000000e+00	-1.6616249292583620e+02	-1.4221281302585786e-14
      397	 2.1000000000000001e+00	 5.0000000000000000e+00	 1.2258470222154614e+00	-1.4985193616039797e-18
      398	 3.1000000000000001e+00	 5.0000000000000000e+00	 1.4714401204455072e+00	-4.6583826685289029e-19
      399	 4.1000000000000005e+00	 5.0000000000000000e+00	 1.5307569589575394e+00	-2.0135789973759013e-19
      400	 5.1000000000000005e+00	 5.0000000000000000e+00	 1.5554590526540579e+00	-1.0461879524326581e-19
      401	 6.1000000000000005e+00	 5.0000000000000000e+00	 1.5682964735468659e+00	-6.1140746616740832e-20
      402	 7.1000000000000005e+00	 5.0000000000000000e+00	 1.5758662208832561e+00	-3.8774409861151104e-20
      403	 8.0999999999999996e+00	 5.0000000000000000e+00	 1.5807180551518627e+00	-1.4210880828708128e-14
      404	 9.0999999999999996e+00	 5.0000000000000000e+00	 1.5840193947872336e+00	-1.4210873131234213e-14
      405	 1.0100000000000000e+01	 5.0000000000000000e+00	 1.5863695436885052e+00	-1.3469644121295095e-20
      406	 1.1100000000000000e+01	 5.0000000000000000e+00	 1.5881029431133129e+00	-1.0147318836597341e-20
      407	 1.2100000000000000e+01	 5.0000000000000000e+00	 1.5894185662059641e+00	-1.4210862548851429e-14
      408	 1.3100000000000000e+01	 5.0000000000000000e+00	 1.5904409666683108e+00	-6.1731432614669321e-21
      409	 1.4100000000000000e+01	 5.0000000000000000e+00	 1.5912514156909765e+00	-4.9506577639845226e-21
      410	 1.5100000000000001e+01	 5.0000000000000000e+00	 1.5919048067699606e+00	-4.0307828394346747e-21
      411	 1.6100000000000001e+01	 5.0000000000000000e+00	 1.5924393175543372e+00	-2.8421712755794224e-14
      412	 1.7100000000000001e+01	 5.0000000000000000e+00	 1.5928821751937079e+00	-2.7754404379764081e-21
      413	 1.8100000000000001e+01	 5.0000000000000000e+00	 1.5932532252651725e+00	 1.4210852374832027e-14
      414	 1.9100000000000001e+01	 5.0000000000000000e+00	 1.5935672121992752e+00	 2.8421707438721353e-14
      415	 2.0100000000000001e+01	 5.0000000000000000e+00	 1.5938352772681199e+00	 2.1316280363842325e-14
      416	 2.1100000000000001e+01	 5.0000000000000000e+00	 1.5940659668730106e+00	-1.4773142157223059e-21
      417	 2.2100000000000001e+01	 5.0000000000000000e+00	 1.5942659260654253e+00	-7.1054286433121858e-15
      418	 2.3100000000000001e+01	 5.0000000000000000e+00	 1.5944403848880384e+00	-7.1054284834607772e-15
      419	 2.4100000000000001e+01	 5.0000000000000000e+00	 1.5945935054212370e+00	-1.4210855706648120e-14
      420	 2.5100000000000001e+01	 5.0000000000000000e+00	 1.5947286333656265e+00	-7.1054282352059805e-15
      421	 2.6100000000000001e+01	 5.0000000000000000e+00	 1.5948484830539300e+00	-7.1054281381473936e-15
      422	 2.7100000000000001e+01	 5.0000000000000000e+00	 1.5949552753012384e+00	-6.9728828728266777e-22
      423	 2.8100000000000001e+01	 5.0000000000000000e+00	 1.5950508413570574e+00	-7.1054279830635117e-15
      424	 2.9100000000000001e+01	 5.0000000000000000e+00	 1.5951367021665064e+00	-7.1054279207732891e-15
      425	 3.0100000000000001e+01	 5.0000000000000000e+00	 1.5952141294265232e+00	 7.1054268487147055e-15
      426	 3.1100000000000001e+01	 5.0000000000000000e+00	 1.5952841930654031e+00	 7.1054268962419185e-15
      427	 3.2100000000000001e+01	 5.0000000000000000e+00	 1.5953477984912325e+00	 7.1054269380303087e-15
      428	 3.3100000000000001e+01	 5.0000000000000000e+00	 1.5954057160545361e+00	 1.4210854332521566e-14
      429	 3.4100000000000001e+01	 5.0000000000000000e+00	 1.5954586045314869e+00	-3.4999118471291530e-22
      430	 3.5100000000000001e+01	 5.0000000000000000e+00	 1.5955070299761687e+00	-3.2092155909708840e-22
      431	 3.6100000000000001e+01	 5.0000000000000000e+00	 1.5955514809572620e+00	 7.1054270626168817e-15
      432	 3.7100000000000001e+01	 5.0000000000000000e+00	 1.5955923809505776e+00	 7.1054270858328791e-15
      433	 3.8100000000000001e+01	 5.0000000000000000e+00	 1.5956300984786225e+00	 1.4210854464276204e-14
      434	 3.9100000000000001e+01	 5.0000000000000000e+00	 1.5956649554537918e+00	 7.1054271254396248e-15
      435	 4.0100000000000001e+01	 5.0000000000000000e+00	 1.5956972340797932e+00	-2.1522222899996007e-22
      436	 4.1100000000000001e+01	 5.0000000000000000e+00	 1.5957271825893073e+00	-1.9989170721801521e-22
      437	 4.2100000000000001e+01	 5.0000000000000000e+00	 1.5957550200368757e+00	-1.8598330254780321e-22
      438	 4.3100000000000001e+01	 5.0000000000000000e+00	 1.5957809403210064e+00	-1.7333586510419596e-22
      439	 4.4100000000000001e+01	 5.0000000000000000e+00	 1.5958051155735973e+00	-1.6180967083511280e-22
      440	 4.5100000000000001e+01	 5.0000000000000000e+00	 1.5958276990283906e+00	-1.5128317035130745e-22
      441	 4.6100000000000001e+01	 5.0000000000000000e+00	 1.5958488274576794e+00	-7.1054274992512910e-15
      442	 4.7100000000000001e+01	 5.0000000000000000e+00	 1.5958686232501194e+00	-7.1054274904191806e-15
      443	 4.8100000000000001e+01	 5.0000000000000000e+00	 1.5958871961889116e+00	-7.1054274823063315e-15
      444	 4.9100000000000001e+01	 5.0000000000000000e+00	 1.5959046449784395e+00	-1.1723998830601904e-22
      445	 5.0100000000000001e+01	 5.0000000000000000e+00	 1.5959210585597035e+00	-7.1054274679598263e-15
      446	 5.1100000000000001e+01	 5.0000000000000000e+00	 1.5959365172468836e+00	-7.1054274616067981e-15
      447	 5.2100000000000001e+01	 5.0000000000000000e+00	 1.5959510937123937e+00	-7.1054274557321935e-15
      448	 5.3100000000000001e+01	 5.0000000000000000e+00	 1.5959648538433839e+00	-7.1054274502918127e-15
      449	 5.4100000000000001e+01	 5.0000000000000000e+00	 1.5959778574880659e+00	-7.1054274452462647e-15
      450	 5.5100000000000001e+01	 5.0000000000000000e+00	 1.5959901591079770e+00	-8.2959370178555985e-23
      451	 5.6100000000000001e+01	 5.0000000000000000e+00	 1.5960018083496763e+00	 1.4210854636600354e-14
      452	 5.7100000000000001e+01	 5.0000000000000000e+00	 1.5960128505467495e+00	 1.4210854640658137e-14
      453	 5.8100000000000001e+01	 5.0000000000000000e+00	 1.5960233271617383e+00	 7.1054272868403467e-15
      454	 5.9100000000000001e+01	 5.0000000000000000e+00	 1.5960332761762395e+00	-6.7229177834772103e-23
      455	 6.0100000000000001e+01	 5.0000000000000000e+00	 1.5960427324358228e+00	-3.5527137427293414e-15
      456	 6.1100000000000001e+01	 5.0000000000000000e+00	 1.5960517279557500e+00	-7.1054274184420396e-15
      457	 6.2100000000000001e+01	 5.0000000000000000e+00	 1.5960602921924583e+00	-7.1054274155499351e-15
      458	 6.3100000000000001e+01	 5.0000000000000000e+00	 1.5960684522850883e+00	-5.5237264766182713e-23
      459	 6.4100000000000009e+01	 5.0000000000000000e+00	 1.5960762332709670e+00	 3.5527136261083226e-15
      460	 6.5100000000000009e+01	 5.0000000000000000e+00	 1.5960836582779052e+00	 3.5527136284994247e-15
      461	 6.6100000000000009e+01	 5.0000000000000000e+00	 1.5960907486963869e+00	 3.5527136307480147e-15
      462	 6.7100000000000009e+01	 5.0000000000000000e+00	 1.5960975243338709e+00	 3.5527136328645530e-15
      463	 6.8100000000000009e+01	 5.0000000000000000e+00	 1.5961040035533109e+00	-4.3941907655965579e-23
      464	 6.9100000000000009e+01	 5.0000000000000000e+00	 1.5961102033977674e+00	-3.5527137208621313e-15
      465	 7.0100000000000009e+01	 5.0000000000000000e+00	 1.5961161397026551e+00	-1.0658141076688620e-14
      466	 7.1100000000000009e+01	 5.0000000000000000e+00	 1.5961218271970417e+00	-1.0658141075012538e-14
      467	 7.2100000000000009e+01	 5.0000000000000000e+00	 1.5961272795950556e+00	-1.0658141073428155e-14
      468	 7.3100000000000009e+01	 5.0000000000000000e+00	 1.5961325096787284e+00	-1.4210854750729787e-14
      469	 7.4100000000000009e+01	 5.0000000000000000e+00	 1.5961375293730029e+00	-1.0658141070510237e-14
      470	 7.5100000000000009e+01	 5.0000000000000000e+00	 1.5961423498137570e+00	-7.1054273903652667e-15
      471	 7.6100000000000009e+01	 5.0000000000000000e+00	 1.5961469814096709e+00	-7.1054273890905385e-15
      472	 7.7100000000000009e+01	 5.0000000000000000e+00	 1.5961514338984770e+00	-7.1054273878810885e-15
      473	 7.8100000000000009e+01	 5.0000000000000000e+00	 1.5961557163982008e+00	-3.5527137079322893e-15
      474	 7.9100000000000009e+01	 5.0000000000000000e+00	 1.5961598374538752e+00	-2.8040825341869474e-23
      475	 8.0100000000000009e+01	 5.0000000000000000e+00	 1.5961638050802485e+00	-3.5527137058041650e-15
      476	 8.1100000000000009e+01	 5.0000000000000000e+00	 1.5961676268007992e+00	-1.7763568654172783e-15
      477	 8.2100000000000009e+01	 5.0000000000000000e+00	 1.5961713096833812e+00	-2.5077877202279093e-23
      478	 8.3100000000000009e+01	 5.0000000000000000e+00	 1.5961748603730008e+00	-2.4183389541604599e-23
      479	 8.4100000000000009e+01	 5.0000000000000000e+00	 1.5961782851217752e+00	-2.3330941000234344e-23
      480	 8.5100000000000009e+01	 5.0000000000000000e+00	 1.5961815898165028e+00	-2.2518090621198987e-23
      481	 8.6100000000000009e+01	 5.0000000000000000e+00	 1.5961847800039823e+00	-2.1742565569332706e-23
      482	 8.7100000000000009e+01	 5.0000000000000000e+00	 1.5961878609143163e+00	-2.1002247775517563e-23
      483	 8.8100000000000009e+01	 5.0000000000000000e+00	 1.5961908374823484e+00	-1.7763568596954122e-15
      484	 8.9100000000000009e+01	 5.0000000000000000e+00	 1.5961937143674536e+00	-3.5527136984199647e-15
      485	 9.0100000000000009e+01	 5.0000000000000000e+00	 1.5961964959717827e+00	-3.5527136977739318e-15
      486	 9.1100000000000009e+01	 5.0000000000000000e+00	 1.5961991864571257e+00	-2.6645352774558291e-15
      487	 9.2100000000000009e+01	 5.0000000000000000e+00	 1.5962017897604914e+00	-2.6645352768643996e-15
      488	 9.3100000000000009e+01	 5.0000000000000000e+00	 1.5962043096085052e+00	-8.8817843689785818e-16
      489	 9.4100000000000009e+01	 5.0000000000000000e+00	 1.5962067495307766e+00	-1.7763568560555086e-15
      490	 9.5100000000000009e+01	 5.0000000000000000e+00	 1.5962091128722591e+00	-8.8817843583548638e-16
      491	 9.6100000000000009e+01	 5.0000000000000000e+00	 1.5962114028047218e+00	-1.3322676451870670e-15
      492	 9.7100000000000009e+01	 5.0000000000000000e+00	 1.5962136223374057e+00	-4.4408922500878340e-16
      493	 9.8100000000000009e+01	 5.0000000000000000e+00	 1.5962157743269081e+00	-4.4408922454992332e-16
      494	 9.9100000000000009e+01	 5.0000000000000000e+00	 1.5962177596328779e+00	-2.2204461918436655e-16
      495	 1.1000000000000001e+00	 6.0000000000000000e+00	-1.6616249292583620e+02	-1.4221281302585786e-14
      496	 2.1000000000000001e+00	 6.0000000000000000e+00	 1.2258470222154756e+00	-1.4985193616039797e-18
      497	 3.1000000000000001e+00	 6.0000000000000000e+00	 1.4714401204455214e+00	-4.6583826685289029e-19
      498	 4.1000000000000005e+00	 6.0000000000000000e+00	 1.5307569589575394e+00	 1.4210653357302265e-14
      499	 5.1000000000000005e+00	 6.0000000000000000e+00	 1.5554590526540579e+00	-1.0461879524326581e-19
      500	 6.1000000000000005e+00	 6.0000000000000000e+00	 1.5682964735468659e+00	 1.4210793574455386e-14
      501	 7.1000000000000005e+00	 6.0000000000000000e+00	 1.5758662208832419e+00	 1.4210815940792143e-14
      502	 8.0999999999999996e+00	 6.0000000000000000e+00	 1.5807180551518627e+00	 1.4210828601695880e-14
      503	 9.0999999999999996e+00	 6.0000000000000000e+00	 1.5840193947872336e+00	 1.4210836299169794e-14
      504	 1.0100000000000000e+01	 6.0000000000000000e+00	 1.5863695436885052e+00	-1.3469644121295095e-20
      505	 1.1100000000000000e+01	 6.0000000000000000e+00	 1.5881029431133129e+00	 1.4210844567883167e-14
      506	 1.2100000000000000e+01	 6.0000000000000000e+00	 1.5894185662059641e+00	-7.8336494243294238e-21
      507	 1.3100000000000000e+01	 6.0000000000000000e+00	 1.5904409666683108e+00	-1.4210860888345265e-14
      508	 1.4100000000000000e+01	 6.0000000000000000e+00	 1.5912514156909765e+00	-1.4210859665859769e-14
      509	 1.5100000000000001e+01	 6.0000000000000000e+00	 1.5919048067699464e+00	-1.4210858745984842e-14
      510	 1.6100000000000001e+01	 6.0000000000000000e+00	 1.5924393175543230e+00	-1.4210858040592220e-14
      511	 1.7100000000000001e+01	 6.0000000000000000e+00	 1.5928821751937221e+00	-2.7754404379764081e-21
      512	 1.8100000000000001e+01	 6.0000000000000000e+00	 1.5932532252652010e+00	-2.3403699770048057e-21
      513	 1.9100000000000001e+01	 6.0000000000000000e+00	 1.5935672121992823e+00	 1.4210852723519350e-14
      514	 2.0100000000000001e+01	 6.0000000000000000e+00	 1.5938352772681057e+00	 1.4210853006241324e-14
      515	 2.1100000000000001e+01	 6.0000000000000000e+00	 1.5940659668730035e+00	 7.1054258802867864e-15
      516	 2.2100000000000001e+01	 6.0000000000000000e+00	 1.5942659260654182e+00	-1.2857111841457337e-21
      517	 2.3100000000000001e+01	 6.0000000000000000e+00	 1.5944403848880384e+00	-1.1258597758106534e-21
      518	 2.4100000000000001e+01	 6.0000000000000000e+00	 1.5945935054212441e+00	-9.9144611448087520e-22
      519	 2.5100000000000001e+01	 6.0000000000000000e+00	 1.5947286333656265e+00	-8.7760497874943318e-22
      520	 2.6100000000000001e+01	 6.0000000000000000e+00	 1.5948484830539300e+00	-7.8054639239329969e-22
      521	 2.7100000000000001e+01	 6.0000000000000000e+00	 1.5949552753012455e+00	-7.1054280548892892e-15
      522	 2.8100000000000001e+01	 6.0000000000000000e+00	 1.5950508413570432e+00	-6.2546250963816288e-22
      523	 2.9100000000000001e+01	 6.0000000000000000e+00	 1.5951367021665064e+00	-7.1054279207732891e-15
      524	 3.0100000000000001e+01	 6.0000000000000000e+00	 1.5952141294265374e+00	-5.0888629634255404e-22
      525	 3.1100000000000001e+01	 6.0000000000000000e+00	 1.5952841930654031e+00	 7.1054268962419185e-15
      526	 3.2100000000000001e+01	 6.0000000000000000e+00	 1.5953477984912396e+00	-4.1957069346150704e-22
      527	 3.3100000000000001e+01	 6.0000000000000000e+00	 1.5954057160545361e+00	-3.8268043722789350e-22
      528	 3.4100000000000001e+01	 6.0000000000000000e+00	 1.5954586045314727e+00	-3.4999118471291530e-22
      529	 3.5100000000000001e+01	 6.0000000000000000e+00	 1.5955070299761758e+00	-1.4210855036123564e-14
      530	 3.6100000000000001e+01	 6.0000000000000000e+00	 1.5955514809572762e+00	 7.1054270626168817e-15
      531	 3.7100000000000001e+01	 6.0000000000000000e+00	 1.5955923809505776e+00	 1.4210854443433881e-14
      532	 3.8100000000000001e+01	 6.0000000000000000e+00	 1.5956300984786225e+00	 1.4210854464276204e-14
      533	 3.9100000000000001e+01	 6.0000000000000000e+00	 1.5956649554537847e+00	 1.4210854483040627e-14
      534	 4.0100000000000001e+01	 6.0000000000000000e+00	 1.5956972340797861e+00	-2.1522222899996007e-22
      535	 4.1100000000000001e+01	 6.0000000000000000e+00	 1.5957271825893002e+00	 7.1054271577092944e-15
      536	 4.2100000000000001e+01	 6.0000000000000000e+00	 1.5957550200368829e+00	 7.1054271716176994e-15
      537	 4.3100000000000001e+01	 6.0000000000000000e+00	 1.5957809403210135e+00	-1.7333586510419596e-22
      538	 4.4100000000000001e+01	 6.0000000000000000e+00	 1.5958051155735973e+00	-1.6180967083511280e-22
      539	 4.5100000000000001e+01	 6.0000000000000000e+00	 1.5958276990283906e+00	-1.5128317035130745e-22
      540	 4.6100000000000001e+01	 6.0000000000000000e+00	 1.5958488274576723e+00	-1.4165028956346756e-22
      541	 4.7100000000000001e+01	 6.0000000000000000e+00	 1.5958686232501194e+00	-1.3281817896002937e-22
      542	 4.8100000000000001e+01	 6.0000000000000000e+00	 1.5958871961889045e+00	-1.2470532935281209e-22
      543	 4.9100000000000001e+01	 6.0000000000000000e+00	 1.5959046449784324e+00	-7.1054274748409905e-15
      544	 5.0100000000000001e+01	 6.0000000000000000e+00	 1.5959210585597035e+00	-7.1054274679598263e-15
      545	 5.1100000000000001e+01	 6.0000000000000000e+00	 1.5959365172468836e+00	-1.4210854819207798e-14
      546	 5.2100000000000001e+01	 6.0000000000000000e+00	 1.5959510937123937e+00	-1.4210854813333195e-14
      547	 5.3100000000000001e+01	 6.0000000000000000e+00	 1.5959648538433839e+00	-7.1054274502918127e-15
      548	 5.4100000000000001e+01	 6.0000000000000000e+00	 1.5959778574880659e+00	-7.1054274452462647e-15
      549	 5.5100000000000001e+01	 6.0000000000000000e+00	 1.5959901591079912e+00	-7.1054274405603725e-15
      550	 5.6100000000000001e+01	 6.0000000000000000e+00	 1.5960018083496834e+00	 7.1054272789993525e-15
      551	 5.7100000000000001e+01	 6.0000000000000000e+00	 1.5960128505467424e+00	 7.1054272830571347e-15
      552	 5.8100000000000001e+01	 6.0000000000000000e+00	 1.5960233271617383e+00	-7.0760655214804551e-23
      553	 5.9100000000000001e+01	 6.0000000000000000e+00	 1.5960332761762359e+00	-6.7229177834772103e-23
      554	 6.0100000000000001e+01	 6.0000000000000000e+00	 1.5960427324358193e+00	-7.1054274215298415e-15
      555	 6.1100000000000001e+01	 6.0000000000000000e+00	 1.5960517279557500e+00	-3.5527137396415387e-15
      556	 6.2100000000000001e+01	 6.0000000000000000e+00	 1.5960602921924618e+00	-3.5527137367494334e-15
      557	 6.3100000000000001e+01	 6.0000000000000000e+00	 1.5960684522850954e+00	-3.5527137340377658e-15
      558	 6.4100000000000009e+01	 6.0000000000000000e+00	 1.5960762332709670e+00	-5.2692178486691021e-23
      559	 6.5100000000000009e+01	 6.0000000000000000e+00	 1.5960836582779017e+00	-5.0301076217783193e-23
      560	 6.6100000000000009e+01	 6.0000000000000000e+00	 1.5960907486963869e+00	 3.5527136307480147e-15
      561	 6.7100000000000009e+01	 6.0000000000000000e+00	 1.5960975243338744e+00	-4.5935947871330461e-23
      562	 6.8100000000000009e+01	 6.0000000000000000e+00	 1.5961040035533074e+00	-4.3941907655965579e-23
      563	 6.9100000000000009e+01	 6.0000000000000000e+00	 1.5961102033977568e+00	-7.1054273996626315e-15
      564	 7.0100000000000009e+01	 6.0000000000000000e+00	 1.5961161397026515e+00	-7.1054273978881188e-15
      565	 7.1100000000000009e+01	 6.0000000000000000e+00	 1.5961218271970417e+00	-1.4210854753813037e-14
      566	 7.2100000000000009e+01	 6.0000000000000000e+00	 1.5961272795950521e+00	-1.7763568431029159e-14
      567	 7.3100000000000009e+01	 6.0000000000000000e+00	 1.5961325096787284e+00	-1.7763568429530288e-14
      568	 7.4100000000000009e+01	 6.0000000000000000e+00	 1.5961375293730100e+00	-7.1054273917097365e-15
      569	 7.5100000000000009e+01	 6.0000000000000000e+00	 1.5961423498137606e+00	-7.1054273903652667e-15
      570	 7.6100000000000009e+01	 6.0000000000000000e+00	 1.5961469814096709e+00	-3.5527137102900376e-15
      571	 7.7100000000000009e+01	 6.0000000000000000e+00	 1.5961514338984770e+00	-7.1054273878810885e-15
      572	 7.8100000000000009e+01	 6.0000000000000000e+00	 1.5961557163982008e+00	-7.1054273867327894e-15
      573	 7.9100000000000009e+01	 6.0000000000000000e+00	 1.5961598374538735e+00	-7.1054273856418279e-15
      574	 8.0100000000000009e+01	 6.0000000000000000e+00	 1.5961638050802502e+00	-1.7763568664039146e-15
      575	 8.1100000000000009e+01	 6.0000000000000000e+00	 1.5961676268008009e+00	-1.7763568654172783e-15
      576	 8.2100000000000009e+01	 6.0000000000000000e+00	 1.5961713096833829e+00	-2.5077877202279093e-23
      577	 8.3100000000000009e+01	 6.0000000000000000e+00	 1.5961748603730008e+00	-2.4183389541604599e-23
      578	 8.4100000000000009e+01	 6.0000000000000000e+00	 1.5961782851217734e+00	 1.7763568160693096e-15
      579	 8.5100000000000009e+01	 6.0000000000000000e+00	 1.5961815898165028e+00	-1.7763568619183410e-15
      580	 8.6100000000000009e+01	 6.0000000000000000e+00	 1.5961847800039841e+00	-2.1742565569332706e-23
      581	 8.7100000000000009e+01	 6.0000000000000000e+00	 1.5961878609143163e+00	-1.7763568604024982e-15
      582	 8.8100000000000009e+01	 6.0000000000000000e+00	 1.5961908374823466e+00	-2.0295161779860682e-23
      583	 8.9100000000000009e+01	 6.0000000000000000e+00	 1.5961937143674518e+00	-1.9619463654069710e-23
      584	 9.0100000000000009e+01	 6.0000000000000000e+00	 1.5961964959717836e+00	-1.7763568583736813e-15
      585	 9.1100000000000009e+01	 6.0000000000000000e+00	 1.5961991864571266e+00	-8.8817843805557842e-16
      586	 9.2100000000000009e+01	 6.0000000000000000e+00	 1.5962017897604914e+00	-8.8817843746414928e-16
      587	 9.3100000000000009e+01	 6.0000000000000000e+00	 1.5962043096085052e+00	-1.7763568565979834e-15
      588	 9.4100000000000009e+01	 6.0000000000000000e+00	 1.5962067495307770e+00	-8.8817843635538359e-16
      589	 9.5100000000000009e+01	 6.0000000000000000e+00	 1.5962091128722595e+00	-4.4408922598542387e-16
      590	 9.6100000000000009e+01	 6.0000000000000000e+00	 1.5962114028047223e+00	-4.4408922548694177e-16
      591	 9.7100000000000009e+01	 6.0000000000000000e+00	 1.5962136223374062e+00	-1.5158720768189622e-23
      592	 9.8100000000000009e+01	 6.0000000000000000e+00	 1.5962157743269079e+00	-2.2204461962489207e-16
      593	 9.9100000000000009e+01	 6.0000000000000000e+00	 1.5962177596328779e+00	-2.2204461918436655e-16
      594	 1.1000000000000001e+00	 7.0000000000000000e+00	-1.6616249292583620e+02	 1.4200428127818221e-14
      595	 2.1000000000000001e+00	 7.0000000000000000e+00	 1.2258470222154756e+00	-1.4985193616039797e-18
      596	 3.1000000000000001e+00	 7.0000000000000000e+00	 1.4714401204455214e+00	 1.4210388876935150e-14
      597	 4.1000000000000005e+00	 7.0000000000000000e+00	 1.5307569589575394e+00	 1.4210653357302265e-14
      598	 5.1000000000000005e+00	 7.0000000000000000e+00	 1.5554590526540579e+00	 1.4210750096406760e-14
      599	 6.1000000000000005e+00	 7.0000000000000000e+00	 1.5682964735468801e+00	 1.4210793574455386e-14
      600	 7.1000000000000005e+00	 7.0000000000000000e+00	 1.5758662208832561e+00	 1.4210815940792143e-14
      601	 8.0999999999999996e+00	 7.0000000000000000e+00	 1.5807180551518627e+00	 2.8421683316897884e-14
      602	 9.0999999999999996e+00	 7.0000000000000000e+00	 1.5840193947872194e+00	 1.4210836299169794e-14
      603	 1.0100000000000000e+01	 7.0000000000000000e+00	 1.5863695436885052e+00	 1.4210841245557882e-14
      604	 1.1100000000000000e+01	 7.0000000000000000e+00	 1.5881029431133129e+00	 1.4210844567883167e-14
      605	 1.2100000000000000e+01	 7.0000000000000000e+00	 1.5894185662059357e+00	 1.4210846881552580e-14
      606	 1.3100000000000000e+01	 7.0000000000000000e+00	 1.5904409666682966e+00	-1.4210860888345265e-14
      607	 1.4100000000000000e+01	 7.0000000000000000e+00	 1.5912514156909765e+00	-1.4210859665859769e-14
      608	 1.5100000000000001e+01	 7.0000000000000000e+00	 1.5919048067699606e+00	-1.4210858745984842e-14
      609	 1.6100000000000001e+01	 7.0000000000000000e+00	 1.5924393175543514e+00	-3.3253902164302987e-21
      610	 1.7100000000000001e+01	 7.0000000000000000e+00	 1.5928821751937221e+00	-1.4210857490642441e-14
      611	 1.8100000000000001e+01	 7.0000000000000000e+00	 1.5932532252651868e+00	-2.3403699770048057e-21
      612	 1.9100000000000001e+01	 7.0000000000000000e+00	 1.5935672121992823e+00	-1.9916826542590202e-21
      613	 2.0100000000000001e+01	 7.0000000000000000e+00	 1.5938352772681128e+00	-1.7089606801041518e-21
      614	 2.1100000000000001e+01	 7.0000000000000000e+00	 1.5940659668730106e+00	 7.1054258802867864e-15
      615	 2.2100000000000001e+01	 7.0000000000000000e+00	 1.5942659260654182e+00	 7.1054260718898180e-15
      616	 2.3100000000000001e+01	 7.0000000000000000e+00	 1.5944403848880384e+00	 7.1054262317412257e-15
      617	 2.4100000000000001e+01	 7.0000000000000000e+00	 1.5945935054212370e+00	 7.1054263661548875e-15
      618	 2.5100000000000001e+01	 7.0000000000000000e+00	 1.5947286333656265e+00	 7.1054264799960232e-15
      619	 2.6100000000000001e+01	 7.0000000000000000e+00	 1.5948484830539229e+00	-7.8054639239329969e-22
      620	 2.7100000000000001e+01	 7.0000000000000000e+00	 1.5949552753012384e+00	-7.1054280548892892e-15
      621	 2.8100000000000001e+01	 7.0000000000000000e+00	 1.5950508413570574e+00	-6.2546250963816288e-22
      622	 2.9100000000000001e+01	 7.0000000000000000e+00	 1.5951367021665064e+00	 7.1054267944287146e-15
      623	 3.0100000000000001e+01	 7.0000000000000000e+00	 1.5952141294265374e+00	-7.1054278664872990e-15
      624	 3.1100000000000001e+01	 7.0000000000000000e+00	 1.5952841930654031e+00	 7.1054268962419185e-15
      625	 3.2100000000000001e+01	 7.0000000000000000e+00	 1.5953477984912254e+00	 7.1054269380303087e-15
      626	 3.3100000000000001e+01	 7.0000000000000000e+00	 1.5954057160545361e+00	-3.8268043722789350e-22
      627	 3.4100000000000001e+01	 7.0000000000000000e+00	 1.5954586045314727e+00	-3.4999118471291530e-22
      628	 3.5100000000000001e+01	 7.0000000000000000e+00	 1.5955070299761758e+00	-7.1054276785225617e-15
      629	 3.6100000000000001e+01	 7.0000000000000000e+00	 1.5955514809572904e+00	-1.4210855010186123e-14
      630	 3.7100000000000001e+01	 7.0000000000000000e+00	 1.5955923809505848e+00	-2.7176812243199050e-22
      631	 3.8100000000000001e+01	 7.0000000000000000e+00	 1.5956300984786083e+00	 7.1054271066752026e-15
      632	 3.9100000000000001e+01	 7.0000000000000000e+00	 1.5956649554537776e+00	-7.1054275897623781e-15
      633	 4.0100000000000001e+01	 7.0000000000000000e+00	 1.5956972340798004e+00	-2.1522222899996007e-22
      634	 4.1100000000000001e+01	 7.0000000000000000e+00	 1.5957271825893002e+00	-1.9989170721801521e-22
      635	 4.2100000000000001e+01	 7.0000000000000000e+00	 1.5957550200368686e+00	-7.1054275435843051e-15
      636	 4.3100000000000001e+01	 7.0000000000000000e+00	 1.5957809403210135e+00	-1.7333586510419596e-22
      637	 4.4100000000000001e+01	 7.0000000000000000e+00	 1.5958051155735973e+00	-7.1054275194106724e-15
      638	 4.5100000000000001e+01	 7.0000000000000000e+00	 1.5958276990283906e+00	-7.1054275088841724e-15
      639	 4.6100000000000001e+01	 7.0000000000000000e+00	 1.5958488274576794e+00	 7.1054272159507120e-15
      640	 4.7100000000000001e+01	 7.0000000000000000e+00	 1.5958686232501194e+00	 7.1054272247828231e-15
      641	 4.8100000000000001e+01	 7.0000000000000000e+00	 1.5958871961889045e+00	-1.2470532935281209e-22
      642	 4.9100000000000001e+01	 7.0000000000000000e+00	 1.5959046449784324e+00	-1.1723998830601904e-22
      643	 5.0100000000000001e+01	 7.0000000000000000e+00	 1.5959210585596963e+00	-7.1054274679598263e-15
      644	 5.1100000000000001e+01	 7.0000000000000000e+00	 1.5959365172468765e+00	-7.1054274616067981e-15
      645	 5.2100000000000001e+01	 7.0000000000000000e+00	 1.5959510937124008e+00	-1.4210854813333195e-14
      646	 5.3100000000000001e+01	 7.0000000000000000e+00	 1.5959648538433910e+00	-7.1054274502918127e-15
      647	 5.4100000000000001e+01	 7.0000000000000000e+00	 1.5959778574880659e+00	-7.1054274452462647e-15
      648	 5.5100000000000001e+01	 7.0000000000000000e+00	 1.5959901591079912e+00	-7.1054274405603725e-15
      649	 5.6100000000000001e+01	 7.0000000000000000e+00	 1.5960018083496905e+00	-7.1054274362026512e-15
      650	 5.7100000000000001e+01	 7.0000000000000000e+00	 1.5960128505467424e+00	-7.4543866971864965e-23
      651	 5.8100000000000001e+01	 7.0000000000000000e+00	 1.5960233271617312e+00	-7.0760655214804551e-23
      652	 5.9100000000000001e+01	 7.0000000000000000e+00	 1.5960332761762324e+00	-6.7229177834772103e-23
      653	 6.0100000000000001e+01	 7.0000000000000000e+00	 1.5960427324358193e+00	-6.3928840390514612e-23
      654	 6.1100000000000001e+01	 7.0000000000000000e+00	 1.5960517279557536e+00	 3.5527136179594632e-15
      655	 6.2100000000000001e+01	 7.0000000000000000e+00	 1.5960602921924583e+00	 3.5527136208515681e-15
      656	 6.3100000000000001e+01	 7.0000000000000000e+00	 1.5960684522850919e+00	-5.5237264766182713e-23
      657	 6.4100000000000009e+01	 7.0000000000000000e+00	 1.5960762332709706e+00	-3.5527137314926797e-15
      658	 6.5100000000000009e+01	 7.0000000000000000e+00	 1.5960836582779088e+00	-3.5527137291015768e-15
      659	 6.6100000000000009e+01	 7.0000000000000000e+00	 1.5960907486963869e+00	 3.5527136307480147e-15
      660	 6.7100000000000009e+01	 7.0000000000000000e+00	 1.5960975243338744e+00	 3.5527136328645530e-15
      661	 6.8100000000000009e+01	 7.0000000000000000e+00	 1.5961040035533038e+00	-3.5527137227424089e-15
      662	 6.9100000000000009e+01	 7.0000000000000000e+00	 1.5961102033977532e+00	-7.1054273996626315e-15
      663	 7.0100000000000009e+01	 7.0000000000000000e+00	 1.5961161397026480e+00	-3.5527137190876179e-15
      664	 7.1100000000000009e+01	 7.0000000000000000e+00	 1.5961218271970310e+00	-1.0658141075012538e-14
      665	 7.2100000000000009e+01	 7.0000000000000000e+00	 1.5961272795950521e+00	-1.4210854752228658e-14
      666	 7.3100000000000009e+01	 7.0000000000000000e+00	 1.5961325096787391e+00	-1.0658141071929286e-14
      667	 7.4100000000000009e+01	 7.0000000000000000e+00	 1.5961375293730136e+00	-7.1054273917097365e-15
      668	 7.5100000000000009e+01	 7.0000000000000000e+00	 1.5961423498137606e+00	-7.1054273903652667e-15
      669	 7.6100000000000009e+01	 7.0000000000000000e+00	 1.5961469814096709e+00	-3.5527137102900376e-15
      670	 7.7100000000000009e+01	 7.0000000000000000e+00	 1.5961514338984735e+00	-3.5527137090805876e-15
      671	 7.8100000000000009e+01	 7.0000000000000000e+00	 1.5961557163982008e+00	-3.5527137079322893e-15
      672	 7.9100000000000009e+01	 7.0000000000000000e+00	 1.5961598374538806e+00	-3.5527137068413262e-15
      673	 8.0100000000000009e+01	 7.0000000000000000e+00	 1.5961638050802538e+00	-1.7763568664039146e-15
      674	 8.1100000000000009e+01	 7.0000000000000000e+00	 1.5961676268008009e+00	-1.7763568654172783e-15
      675	 8.2100000000000009e+01	 7.0000000000000000e+00	 1.5961713096833829e+00	-1.7763568644781276e-15
      676	 8.3100000000000009e+01	 7.0000000000000000e+00	 1.5961748603729990e+00	-1.7763568635836402e-15
      677	 8.4100000000000009e+01	 7.0000000000000000e+00	 1.5961782851217734e+00	-1.7763568627311916e-15
      678	 8.5100000000000009e+01	 7.0000000000000000e+00	 1.5961815898165046e+00	-3.5527137013185915e-15
      679	 8.6100000000000009e+01	 7.0000000000000000e+00	 1.5961847800039823e+00	-1.7763568611428162e-15
      680	 8.7100000000000009e+01	 7.0000000000000000e+00	 1.5961878609143163e+00	-1.7763568604024982e-15
      681	 8.8100000000000009e+01	 7.0000000000000000e+00	 1.5961908374823466e+00	-2.0295161779860682e-23
      682	 8.9100000000000009e+01	 7.0000000000000000e+00	 1.5961937143674518e+00	 1.7763568197807867e-15
      683	 9.0100000000000009e+01	 7.0000000000000000e+00	 1.5961964959717854e+00	 8.8817840072669429e-16
      684	 9.1100000000000009e+01	 7.0000000000000000e+00	 1.5961991864571266e+00	 8.8817840134467205e-16
      685	 9.2100000000000009e+01	 7.0000000000000000e+00	 1.5962017897604905e+00	 8.8817840193610118e-16
      686	 9.3100000000000009e+01	 7.0000000000000000e+00	 1.5962043096085052e+00	-1.7197732911327774e-23
      687	 9.4100000000000009e+01	 7.0000000000000000e+00	 1.5962067495307775e+00	-1.6655258305738999e-23
      688	 9.5100000000000009e+01	 7.0000000000000000e+00	 1.5962091128722595e+00	-4.4408922598542387e-16
      689	 9.6100000000000009e+01	 7.0000000000000000e+00	 1.5962114028047232e+00	-1.5636879153196947e-23
      690	 9.7100000000000009e+01	 7.0000000000000000e+00	 1.5962136223374059e+00	-1.5158720768189622e-23
      691	 9.8100000000000009e+01	 7.0000000000000000e+00	 1.5962157743269079e+00	-2.2204461962489207e-16
      692	 9.9100000000000009e+01	 7.0000000000000000e+00	 1.5962177596328782e+00	-1.1102231672185089e-16
      693	 1.1000000000000001e+00	 8.0000000000000000e+00	-1.6616249292583620e+02	 1.4200428127818221e-14
      694	 2.1000000000000001e+00	 8.0000000000000000e+00	 1.2258470222154756e+00	 1.4209356195840400e-14
      695	 3.1000000000000001e+00	 8.0000000000000000e+00	 1.4714401204455356e+00	 1.4210388876935150e-14
      696	 4.1000000000000005e+00	 8.0000000000000000e+00	 1.5307569589575394e+00	 1.4210653357302265e-14
      697	 5.1000000000000005e+00	 8.0000000000000000e+00	 1.5554590526540579e+00	 2.8421604811608765e-14
      698	 6.1000000000000005e+00	 8.0000000000000000e+00	 1.5682964735468659e+00	 2.8421648289657390e-14
      699	 7.1000000000000005e+00	 8.0000000000000000e+00	 1.5758662208832561e+00	 1.4210815940792143e-14
      700	 8.0999999999999996e+00	 8.0000000000000000e+00	 1.5807180551518627e+00	 1.4210828601695880e-14
      701	 9.0999999999999996e+00	 8.0000000000000000e+00	 1.5840193947872194e+00	 1.4210836299169794e-14
      702	 1.0100000000000000e+01	 8.0000000000000000e+00	 1.5863695436885052e+00	 1.4210841245557882e-14
      703	 1.1100000000000000e+01	 8.0000000000000000e+00	 1.5881029431133129e+00	 1.4210844567883167e-14
      704	 1.2100000000000000e+01	 8.0000000000000000e+00	 1.5894185662059357e+00	 2.8421701596754582e-14
      705	 1.3100000000000000e+01	 8.0000000000000000e+00	 1.5904409666682824e+00	 1.4210848542058743e-14
      706	 1.4100000000000000e+01	 8.0000000000000000e+00	 1.5912514156909765e+00	 1.4210849764544240e-14
      707	 1.5100000000000001e+01	 8.0000000000000000e+00	 1.5919048067699606e+00	-4.0307828394346747e-21
      708	 1.6100000000000001e+01	 8.0000000000000000e+00	 1.5924393175543514e+00	-3.3253902164302987e-21
      709	 1.7100000000000001e+01	 8.0000000000000000e+00	 1.5928821751937221e+00	-2.7754404379764081e-21
      710	 1.8100000000000001e+01	 8.0000000000000000e+00	 1.5932532252651868e+00	 1.4210852374832027e-14
      711	 1.9100000000000001e+01	 8.0000000000000000e+00	 1.5935672121992823e+00	-1.9916826542590202e-21
      712	 2.0100000000000001e+01	 8.0000000000000000e+00	 1.5938352772681128e+00	-7.1054290665616820e-15
      713	 2.1100000000000001e+01	 8.0000000000000000e+00	 1.5940659668730106e+00	-1.4773142157223059e-21
      714	 2.2100000000000001e+01	 8.0000000000000000e+00	 1.5942659260654182e+00	-1.2857111841457337e-21
      715	 2.3100000000000001e+01	 8.0000000000000000e+00	 1.5944403848880384e+00	-7.1054284834607772e-15
      716	 2.4100000000000001e+01	 8.0000000000000000e+00	 1.5945935054212441e+00	-9.9144611448087520e-22
      717	 2.5100000000000001e+01	 8.0000000000000000e+00	 1.5947286333656336e+00	 1.4210853837597025e-14
      718	 2.6100000000000001e+01	 8.0000000000000000e+00	 1.5948484830539158e+00	 1.4210853934655612e-14
      719	 2.7100000000000001e+01	 8.0000000000000000e+00	 1.5949552753012313e+00	-6.9728828728266777e-22
      720	 2.8100000000000001e+01	 8.0000000000000000e+00	 1.5950508413570574e+00	-7.1054279830635117e-15
      721	 2.9100000000000001e+01	 8.0000000000000000e+00	 1.5951367021664993e+00	-7.1054279207732891e-15
      722	 3.0100000000000001e+01	 8.0000000000000000e+00	 1.5952141294265374e+00	-7.1054278664872990e-15
      723	 3.1100000000000001e+01	 8.0000000000000000e+00	 1.5952841930654174e+00	-4.6135908357267788e-22
      724	 3.2100000000000001e+01	 8.0000000000000000e+00	 1.5953477984912325e+00	 7.1054269380303087e-15
      725	 3.3100000000000001e+01	 8.0000000000000000e+00	 1.5954057160545290e+00	 7.1054269749205646e-15
      726	 3.4100000000000001e+01	 8.0000000000000000e+00	 1.5954586045314656e+00	-3.4999118471291530e-22
      727	 3.5100000000000001e+01	 8.0000000000000000e+00	 1.5955070299761616e+00	-3.2092155909708840e-22
      728	 3.6100000000000001e+01	 8.0000000000000000e+00	 1.5955514809572833e+00	-1.4210855010186123e-14
      729	 3.7100000000000001e+01	 8.0000000000000000e+00	 1.5955923809505990e+00	-7.1054276293691247e-15
      730	 3.8100000000000001e+01	 8.0000000000000000e+00	 1.5956300984786154e+00	-7.1054276085268011e-15
      731	 3.9100000000000001e+01	 8.0000000000000000e+00	 1.5956649554537776e+00	-7.1054275897623781e-15
      732	 4.0100000000000001e+01	 8.0000000000000000e+00	 1.5956972340797932e+00	 7.1054271423787727e-15
      733	 4.1100000000000001e+01	 8.0000000000000000e+00	 1.5957271825893073e+00	-1.9989170721801521e-22
      734	 4.2100000000000001e+01	 8.0000000000000000e+00	 1.5957550200368829e+00	-1.8598330254780321e-22
      735	 4.3100000000000001e+01	 8.0000000000000000e+00	 1.5957809403210135e+00	 1.4210854541866138e-14
      736	 4.4100000000000001e+01	 8.0000000000000000e+00	 1.5958051155735902e+00	 1.4210854553392333e-14
      737	 4.5100000000000001e+01	 8.0000000000000000e+00	 1.5958276990283764e+00	 7.1054272063178313e-15
      738	 4.6100000000000001e+01	 8.0000000000000000e+00	 1.5958488274576865e+00	-1.4165028956346756e-22
      739	 4.7100000000000001e+01	 8.0000000000000000e+00	 1.5958686232501265e+00	 7.1054272247828231e-15
      740	 4.8100000000000001e+01	 8.0000000000000000e+00	 1.5958871961888974e+00	-1.2470532935281209e-22
      741	 4.9100000000000001e+01	 8.0000000000000000e+00	 1.5959046449784253e+00	-7.1054274748409905e-15
      742	 5.0100000000000001e+01	 8.0000000000000000e+00	 1.5959210585596963e+00	-7.1054274679598263e-15
      743	 5.1100000000000001e+01	 8.0000000000000000e+00	 1.5959365172468765e+00	-7.1054274616067981e-15
      744	 5.2100000000000001e+01	 8.0000000000000000e+00	 1.5959510937123937e+00	-1.4210854813333195e-14
      745	 5.3100000000000001e+01	 8.0000000000000000e+00	 1.5959648538433910e+00	-7.1054274502918127e-15
      746	 5.4100000000000001e+01	 8.0000000000000000e+00	 1.5959778574880659e+00	-7.1054274452462647e-15
      747	 5.5100000000000001e+01	 8.0000000000000000e+00	 1.5959901591079912e+00	-7.1054274405603725e-15
      748	 5.6100000000000001e+01	 8.0000000000000000e+00	 1.5960018083496905e+00	-1.4210854793803653e-14
      749	 5.7100000000000001e+01	 8.0000000000000000e+00	 1.5960128505467495e+00	-1.4210854789745869e-14
      750	 5.8100000000000001e+01	 8.0000000000000000e+00	 1.5960233271617383e+00	-7.1054274283616578e-15
      751	 5.9100000000000001e+01	 8.0000000000000000e+00	 1.5960332761762359e+00	-6.7229177834772103e-23
      752	 6.0100000000000001e+01	 8.0000000000000000e+00	 1.5960427324358228e+00	 7.1054272936721614e-15
      753	 6.1100000000000001e+01	 8.0000000000000000e+00	 1.5960517279557536e+00	 7.1054272967599641e-15
      754	 6.2100000000000001e+01	 8.0000000000000000e+00	 1.5960602921924583e+00	 7.1054272996520694e-15
      755	 6.3100000000000001e+01	 8.0000000000000000e+00	 1.5960684522850883e+00	 3.5527136235632360e-15
      756	 6.4100000000000009e+01	 8.0000000000000000e+00	 1.5960762332709635e+00	-5.2692178486691021e-23
      757	 6.5100000000000009e+01	 8.0000000000000000e+00	 1.5960836582779088e+00	-3.5527137291015768e-15
      758	 6.6100000000000009e+01	 8.0000000000000000e+00	 1.5960907486963940e+00	-4.8052486388078367e-23
      759	 6.7100000000000009e+01	 8.0000000000000000e+00	 1.5960975243338744e+00	 3.5527136328645530e-15
      760	 6.8100000000000009e+01	 8.0000000000000000e+00	 1.5961040035532967e+00	-4.3941907655965579e-23
      761	 6.9100000000000009e+01	 8.0000000000000000e+00	 1.5961102033977497e+00	-4.2061630189064193e-23
      762	 7.0100000000000009e+01	 8.0000000000000000e+00	 1.5961161397026480e+00	-3.5527137190876179e-15
      763	 7.1100000000000009e+01	 8.0000000000000000e+00	 1.5961218271970310e+00	-3.8611034754005634e-23
      764	 7.2100000000000009e+01	 8.0000000000000000e+00	 1.5961272795950521e+00	 3.5527136417738486e-15
      765	 7.3100000000000009e+01	 8.0000000000000000e+00	 1.5961325096787355e+00	-3.5527783359555463e-23
      766	 7.4100000000000009e+01	 8.0000000000000000e+00	 1.5961375293730136e+00	-7.1054273917097365e-15
      767	 7.5100000000000009e+01	 8.0000000000000000e+00	 1.5961423498137641e+00	-3.5527137115647658e-15
      768	 7.6100000000000009e+01	 8.0000000000000000e+00	 1.5961469814096745e+00	-3.5527137102900376e-15
      769	 7.7100000000000009e+01	 8.0000000000000000e+00	 1.5961514338984770e+00	-3.0280086304877226e-23
      770	 7.8100000000000009e+01	 8.0000000000000000e+00	 1.5961557163982008e+00	-3.5527137079322893e-15
      771	 7.9100000000000009e+01	 8.0000000000000000e+00	 1.5961598374538788e+00	-3.5527137068413262e-15
      772	 8.0100000000000009e+01	 8.0000000000000000e+00	 1.5961638050802520e+00	-1.7763568664039146e-15
      773	 8.1100000000000009e+01	 8.0000000000000000e+00	 1.5961676268008009e+00	-3.5527137048175288e-15
      774	 8.2100000000000009e+01	 8.0000000000000000e+00	 1.5961713096833865e+00	-1.7763568644781276e-15
      775	 8.3100000000000009e+01	 8.0000000000000000e+00	 1.5961748603730008e+00	-1.7763568635836402e-15
      776	 8.4100000000000009e+01	 8.0000000000000000e+00	 1.5961782851217716e+00	-3.5527137021314416e-15
      777	 8.5100000000000009e+01	 8.0000000000000000e+00	 1.5961815898165028e+00	-3.5527137013185915e-15
      778	 8.6100000000000009e+01	 8.0000000000000000e+00	 1.5961847800039823e+00	-5.3290705399433167e-15
      779	 8.7100000000000009e+01	 8.0000000000000000e+00	 1.5961878609143181e+00	-1.7763568604024982e-15
      780	 8.8100000000000009e+01	 8.0000000000000000e+00	 1.5961908374823466e+00	-1.7763568596954122e-15
      781	 8.9100000000000009e+01	 8.0000000000000000e+00	 1.5961937143674527e+00	-1.7763568590197142e-15
      782	 9.0100000000000009e+01	 8.0000000000000000e+00	 1.5961964959717863e+00	 2.6645352401269449e-15
      783	 9.1100000000000009e+01	 8.0000000000000000e+00	 1.5961991864571266e+00	 1.7763568210447973e-15
      784	 9.2100000000000009e+01	 8.0000000000000000e+00	 1.5962017897604905e+00	 1.7763568216362264e-15
      785	 9.3100000000000009e+01	 8.0000000000000000e+00	 1.5962043096085043e+00	 1.7763568222025175e-15
      786	 9.4100000000000009e+01	 8.0000000000000000e+00	 1.5962067495307766e+00	-1.6655258305738999e-23
      787	 9.5100000000000009e+01	 8.0000000000000000e+00	 1.5962091128722595e+00	-8.8817843583548638e-16
      788	 9.6100000000000009e+01	 8.0000000000000000e+00	 1.5962114028047227e+00	-4.4408922548694177e-16
      789	 9.7100000000000009e+01	 8.0000000000000000e+00	 1.5962136223374059e+00	-4.4408922500878340e-16
      790	 9.8100000000000009e+01	 8.0000000000000000e+00	 1.5962157743269079e+00	-1.4699860747581853e-23
      791	 9.9100000000000009e+01	 8.0000000000000000e+00	 1.5962177596328782e+00	 1.1102228820318041e-16
      792	 1.1000000000000001e+00	 9.0000000000000000e+00	-1.6616249292583620e+02	-3.7565740045079110e-01
      793	 2.1000000000000001e+00	 9.0000000000000000e+00	 1.2258470222154756e+00	-5.3989849908191445e-02
      794	 3.1000000000000001e+00	 9.0000000000000000e+00	 1.4714401204455498e+00	-1.6783592360113175e-02
      795	 4.1000000000000005e+00	 9.0000000000000000e+00	 1.5307569589575536e+00	-7.2546828978090616e-03
      796	 5.1000000000000005e+00	 9.0000000000000000e+00	 1.5554590526540721e+00	-3.7692893381802151e-03
      797	 6.1000000000000005e+00	 9.0000000000000000e+00	 1.5682964735468659e+00	-2.2028275494250238e-03
      798	 7.1000000000000005e+00	 9.0000000000000000e+00	 1.5758662208832419e+00	-1.3969953424037840e-03
      799	 8.0999999999999996e+00	 9.0000000000000000e+00	 1.5807180551518627e+00	-9.4083821157653347e-04
      800	 9.0999999999999996e+00	 9.0000000000000000e+00	 1.5840193947872194e+00	-6.6350748635102264e-04
      801	 1.0100000000000000e+01	 9.0000000000000000e+00	 1.5863695436885052e+00	-4.8529507395755900e-04
      802	 1.1100000000000000e+01	 9.0000000000000000e+00	 1.5881029431132987e+00	-3.6559569063854269e-04
      803	 1.2100000000000000e+01	 9.0000000000000000e+00	 1.5894185662059357e+00	-2.8223696500617734e-04
      804	 1.3100000000000000e+01	 9.0000000000000000e+00	 1.5904409666683108e+00	-2.2241092551666952e-04
      805	 1.4100000000000000e+01	 9.0000000000000000e+00	 1.5912514156909623e+00	-1.7836624367362219e-04
      806	 1.5100000000000001e+01	 9.0000000000000000e+00	 1.5919048067699464e+00	-1.4522425674101669e-04
      807	 1.6100000000000001e+01	 9.0000000000000000e+00	 1.5924393175543514e+00	-1.1980980910664130e-04
      808	 1.7100000000000001e+01	 9.0000000000000000e+00	 1.5928821751937363e+00	-9.9995780175277105e-05
      809	 1.8100000000000001e+01	 9.0000000000000000e+00	 1.5932532252651868e+00	-8.4320714819341447e-05
      810	 1.9100000000000001e+01	 9.0000000000000000e+00	 1.5935672121992681e+00	-7.1757930072635645e-05
      811	 2.0100000000000001e+01	 9.0000000000000000e+00	 1.5938352772681128e+00	-6.1571797459691879e-05
      812	 2.1100000000000001e+01	 9.0000000000000000e+00	 1.5940659668730035e+00	-5.3225854010463536e-05
      813	 2.2100000000000001e+01	 9.0000000000000000e+00	 1.5942659260654111e+00	-4.6322627277106676e-05
      814	 2.3100000000000001e+01	 9.0000000000000000e+00	 1.5944403848880384e+00	-4.0563373346458320e-05
      815	 2.4100000000000001e+01	 9.0000000000000000e+00	 1.5945935054212583e+00	-3.5720610817691067e-05
      816	 2.5100000000000001e+01	 9.0000000000000000e+00	 1.5947286333656265e+00	-3.1619051632958417e-05
      817	 2.6100000000000001e+01	 9.0000000000000000e+00	 1.5948484830539087e+00	-2.8122147526232766e-05
      818	 2.7100000000000001e+01	 9.0000000000000000e+00	 1.5949552753012313e+00	-2.5122458168880257e-05
      819	 2.8100000000000001e+01	 9.0000000000000000e+00	 1.5950508413570503e+00	-2.2534661816564494e-05
      820	 2.9100000000000001e+01	 9.0000000000000000e+00	 1.5951367021665064e+00	-2.0290420032154088e-05
      821	 3.0100000000000001e+01	 9.0000000000000000e+00	 1.5952141294265445e+00	-1.8334561076471800e-05
      822	 3.1100000000000001e+01	 9.0000000000000000e+00	 1.5952841930654174e+00	-1.6622212768879763e-05
      823	 3.2100000000000001e+01	 9.0000000000000000e+00	 1.5953477984912325e+00	-1.5116627352540490e-05
      824	 3.3100000000000001e+01	 9.0000000000000000e+00	 1.5954057160545290e+00	-1.3787515804608574e-05
      825	 3.4100000000000001e+01	 9.0000000000000000e+00	 1.5954586045314656e+00	-1.2609761348869597e-05
      826	 3.5100000000000001e+01	 9.0000000000000000e+00	 1.5955070299761616e+00	-1.1562417711274975e-05
      827	 3.6100000000000001e+01	 9.0000000000000000e+00	 1.5955514809572833e+00	-1.0627922989669969e-05
      828	 3.7100000000000001e+01	 9.0000000000000000e+00	 1.5955923809505919e+00	-9.7914785186503650e-06
      829	 3.8100000000000001e+01	 9.0000000000000000e+00	 1.5956300984786225e+00	-9.0405546870897524e-06
      830	 3.9100000000000001e+01	 9.0000000000000000e+00	 1.5956649554537918e+00	-8.3644951018868596e-06
      831	 4.0100000000000001e+01	 9.0000000000000000e+00	 1.5956972340797932e+00	-7.7541979948136941e-06
      832	 4.1100000000000001e+01	 9.0000000000000000e+00	 1.5957271825893073e+00	-7.2018577341737000e-06
      833	 4.2100000000000001e+01	 9.0000000000000000e+00	 1.5957550200368829e+00	-6.7007546391550932e-06
      834	 4.3100000000000001e+01	 9.0000000000000000e+00	 1.5957809403209993e+00	-6.2450826874282939e-06
      835	 4.4100000000000001e+01	 9.0000000000000000e+00	 1.5958051155735902e+00	-5.8298077831864248e-06
      836	 4.5100000000000001e+01	 9.0000000000000000e+00	 1.5958276990283906e+00	-5.4505506241753210e-06
      837	 4.6100000000000001e+01	 9.0000000000000000e+00	 1.5958488274576794e+00	-5.1034895420798421e-06
      838	 4.7100000000000001e+01	 9.0000000000000000e+00	 1.5958686232501194e+00	-4.7852792093294738e-06
      839	 4.8100000000000001e+01	 9.0000000000000000e+00	 1.5958871961888903e+00	-4.4929830025353112e-06
      840	 4.9100000000000001e+01	 9.0000000000000000e+00	 1.5959046449784253e+00	-4.2240157540618384e-06
      841	 5.0100000000000001e+01	 9.0000000000000000e+00	 1.5959210585596963e+00	-3.9760956838108541e-06
      842	 5.1100000000000001e+01	 9.0000000000000000e+00	 1.5959365172468694e+00	-3.7472037277552772e-06
      843	 5.2100000000000001e+01	 9.0000000000000000e+00	 1.5959510937124008e+00	-3.5355487995047952e-06
      844	 5.3100000000000001e+01	 9.0000000000000000e+00	 1.5959648538433981e+00	-3.3395383951528856e-06
      845	 5.4100000000000001e+01	 9.0000000000000000e+00	 1.5959778574880659e+00	-3.1577533903259791e-06
      846	 5.5100000000000001e+01	 9.0000000000000000e+00	 1.5959901591079841e+00	-2.9889263117865994e-06
      847	 5.6100000000000001e+01	 9.0000000000000000e+00	 1.5960018083496834e+00	-2.8319228775330885e-06
      848	 5.7100000000000001e+01	 9.0000000000000000e+00	 1.5960128505467495e+00	-2.6857258674795048e-06
      849	 5.8100000000000001e+01	 9.0000000000000000e+00	 1.5960233271617454e+00	-2.5494212962939855e-06
      850	 5.9100000000000001e+01	 9.0000000000000000e+00	 1.5960332761762466e+00	-2.4221863981210845e-06
      851	 6.0100000000000001e+01	 9.0000000000000000e+00	 1.5960427324358264e+00	-2.3032792064725527e-06
      852	 6.1100000000000001e+01	 9.0000000000000000e+00	 1.5960517279557536e+00	-2.1920293953314740e-06
      853	 6.2100000000000001e+01	 9.0000000000000000e+00	 1.5960602921924547e+00	-2.0878303352844796e-06
      854	 6.3100000000000001e+01	 9.0000000000000000e+00	 1.5960684522850848e+00	-1.9901322012572109e-06
      855	 6.4100000000000009e+01	 9.0000000000000000e+00	 1.5960762332709635e+00	-1.8984358014506597e-06
      856	 6.5100000000000009e+01	 9.0000000000000000e+00	 1.5960836582779088e+00	-1.8122872624815045e-06
      857	 6.6100000000000009e+01	 9.0000000000000000e+00	 1.5960907486963940e+00	-1.7312732794039221e-06
      858	 6.7100000000000009e+01	 9.0000000000000000e+00	 1.5960975243338744e+00	-1.6550169412710147e-06
      859	 6.8100000000000009e+01	 9.0000000000000000e+00	 1.5961040035533003e+00	-1.5831740682870077e-06
      860	 6.9100000000000009e+01	 9.0000000000000000e+00	 1.5961102033977497e+00	-1.5154299326525233e-06
      861	 7.0100000000000009e+01	 9.0000000000000000e+00	 1.5961161397026480e+00	-1.4514963559975058e-06
      862	 7.1100000000000009e+01	 9.0000000000000000e+00	 1.5961218271970310e+00	-1.3911091301110901e-06
      863	 7.2100000000000009e+01	 9.0000000000000000e+00	 1.5961272795950521e+00	-1.3340257325467064e-06
      864	 7.3100000000000009e+01	 9.0000000000000000e+00	 1.5961325096787355e+00	-1.2800232909171427e-06
      865	 7.4100000000000009e+01	 9.0000000000000000e+00	 1.5961375293730100e+00	-1.2288967070617218e-06
      866	 7.5100000000000009e+01	 9.0000000000000000e+00	 1.5961423498137641e+00	-1.1804570583251461e-06
      867	 7.6100000000000009e+01	 9.0000000000000000e+00	 1.5961469814096745e+00	-1.1345301267340346e-06
      868	 7.7100000000000009e+01	 9.0000000000000000e+00	 1.5961514338984806e+00	-1.0909550844928617e-06
      869	 7.8100000000000009e+01	 9.0000000000000000e+00	 1.5961557163981972e+00	-1.0495832825085927e-06
      870	 7.9100000000000009e+01	 9.0000000000000000e+00	 1.5961598374538752e+00	-1.0102772094455759e-06
      871	 8.0100000000000009e+01	 9.0000000000000000e+00	 1.5961638050802538e+00	-9.7290952716377888e-07
      872	 8.1100000000000009e+01	 9.0000000000000000e+00	 1.5961676268008009e+00	-9.3736221451479196e-07
      873	 8.2100000000000009e+01	 9.0000000000000000e+00	 1.5961713096833847e+00	-9.0352574666496821e-07
      874	 8.3100000000000009e+01	 9.0000000000000000e+00	 1.5961748603730008e+00	-8.7129843429067932e-07
      875	 8.4100000000000009e+01	 9.0000000000000000e+00	 1.5961782851217716e+00	-8.4058573612821874e-07
      876	 8.5100000000000009e+01	 9.0000000000000000e+00	 1.5961815898164993e+00	-8.1129971718496563e-07
      877	 8.6100000000000009e+01	 9.0000000000000000e+00	 1.5961847800039841e+00	-7.8335848563426680e-07
      878	 8.7100000000000009e+01	 9.0000000000000000e+00	 1.5961878609143199e+00	-7.5668572563358794e-07
      879	 8.8100000000000009e+01	 9.0000000000000000e+00	 1.5961908374823501e+00	-7.3121026566980163e-07
      880	 8.9100000000000009e+01	 9.0000000000000000e+00	 1.5961937143674554e+00	-7.0686567710254167e-07
      881	 9.0100000000000009e+01	 9.0000000000000000e+00	 1.5961964959717854e+00	-6.8358988869476889e-07
      882	 9.1100000000000009e+01	 9.0000000000000000e+00	 1.5961991864571274e+00	-6.6132489706660635e-07
      883	 9.2100000000000009e+01	 9.0000000000000000e+00	 1.5962017897604905e+00	-6.4001641586486357e-07
      884	 9.3100000000000009e+01	 9.0000000000000000e+00	 1.5962043096085035e+00	-6.1961362707307899e-07
      885	 9.4100000000000009e+01	 9.0000000000000000e+00	 1.5962067495307752e+00	-6.0006892166342141e-07
      886	 9.5100000000000009e+01	 9.0000000000000000e+00	 1.5962091128722591e+00	-5.8133765445944618e-07
      887	 9.6100000000000009e+01	 9.0000000000000000e+00	 1.5962114028047227e+00	-5.6337794562821841e-07
      888	 9.7100000000000009e+01	 9.0000000000000000e+00	 1.5962136223374066e+00	-5.4615047462291955e-07
      889	 9.8100000000000009e+01	 9.0000000000000000e+00	 1.5962157743269083e+00	-5.2961829899444979e-07
      890	 9.9100000000000009e+01	 9.0000000000000000e+00	 1.5962177596328777e+00	-5.1374669474135715e-07
