        0	        0
        1	       16
        2	       37
        3	       63
        4	       92
        5	      125
        6	      161
        7	      199
        8	      240
        9	      283
       10	      328
       11	      375
       12	      424
       13	      475
       14	      528
       15	      582
       16	      638
       17	      695
       18	      754
       19	      814
       20	      875
       21	      938
       22	     1002
       23	     1067
       24	     1133
       25	     1201
       26	     1270
       27	     1340
       28	     1411
       29	     1483
       30	     1556
       31	     1630
       32	     1705
       33	     1781
       34	     1858
       35	     1935
       36	     2013
       37	     2092
       38	     2172
       39	     2253
       40	     2334
       41	     2406
       42	     2474
       43	     2540
       44	     2603
       45	     2665
       46	     2725
       47	     2783
       48	     2841
       49	     2898
       50	     2953
       51	     3008
       52	     3062
       53	     3115
       54	     3167
       55	     3219
       56	     3270
       57	     3321
       58	     3371
       59	     3421
       60	     3470
       61	     3519
       62	     3567
       63	     3614
       64	     3662
       65	     3709
       66	     3756
       67	     3802
       68	     3848
       69	     3894
       70	     3940
       71	     3985
       72	     4029
       73	     4074
       74	     4118
       75	     4162
       76	     4207
       77	     4251
       78	     4295
       79	     4338
       80	     4381
       81	     4425
       82	     4468
       83	     4511
       84	     4554
       85	     4596
       86	     4639
       87	     4682
       88	     4725
       89	     4768
       90	     4810
       91	     4852
       92	     4894
       93	     4936
       94	     4978
       95	     5020
       96	     5062
       97	     5104
       98	     5146
       99	     5188
      100	     5230
      101	     5272
      102	     5314
      103	     5356
      104	     5398
      105	     5440
      106	     5482
      107	     5524
      108	     5566
      109	     5608
      110	     5650
      111	     5692
      112	     5734
      113	     5776
      114	     5818
      115	     5860
      116	     5902
      117	     5944
      118	     5986
      119	     6028
      120	     6070
      121	     6113
      122	     6156
      123	     6199
      124	     6242
      125	     6285
      126	     6328
      127	     6371
      128	     6414
      129	     6456
      130	     6498
      131	     6541
      132	     6584
      133	     6627
      134	     6670
      135	     6713
      136	     6756
      137	     6800
      138	     6844
      139	     6887
      140	     6930
      141	     6973
      142	     7016
      143	     7060
      144	     7104
      145	     7148
      146	     7192
      147	     7237
      148	     7282
      149	     7326
      150	     7370
      151	     7414
      152	     7458
      153	     7503
      154	     7548
      155	     7592
      156	     7636
      157	     7681
      158	     7726
      159	     7772
      160	     7818
      161	     7864
      162	     7910
      163	     7956
      164	     8002
      165	     8048
      166	     8094
      167	     8141
      168	     8188
      169	     8235
      170	     8282
      171	     8330
      172	     8378
      173	     8425
      174	     8472
      175	     8520
      176	     8568
      177	     8617
      178	     8666
      179	     8715
      180	     8764
      181	     8814
      182	     8864
      183	     8914
      184	     8964
      185	     9015
      186	     9066
      187	     9117
      188	     9168
      189	     9220
      190	     9272
      191	     9324
      192	     9376
      193	     9429
      194	     9482
      195	     9536
      196	     9590
      197	     9645
      198	     9700
      199	     9755
      200	     9810
      201	     9867
      202	     9924
      203	     9982
      204	    10040
      205	    10098
      206	    10156
      207	    10216
      208	    10276
      209	    10338
      210	    10400
      211	    10463
      212	    10526
      213	    10592
      214	    10658
      215	    10726
      216	    10794
      217	    10866
      218	    10938
      219	    11099
      220	    11260
      221	    11419
      222	    11576
      223	    11731
      224	    11884
      225	    12037
      226	    12188
      227	    12337
      228	    12484
      229	    12629
      230	    12772
      231	    12913
      232	    13052
      233	    13189
      234	    13324
      235	    13455
      236	    13584
      237	    13711
      238	    13836
      239	    13957
      240	    14076
      241	    14193
      242	    14306
      243	    14417
      244	    14524
      245	    14629
      246	    14730
      247	    14827
      248	    14920
      249	    15009
      250	    15094
      251	    15175
      252	    15250
      253	    15321
      254	    15386
      255	    15443
      256	    15494
      257	    15535
      258	    15566
      259	    15583
      260	    15606
      261	    15634
      262	    15666
      263	    15702
      264	    15741
      265	    15783
      266	    15828
      267	    15875
      268	    15924
      269	    15976
      270	    16030
      271	    16086
      272	    16144
      273	    16204
      274	    16265
      275	    16328
      276	    16393
      277	    16459
      278	    16527
      279	    16596
      280	    16667
      281	    16739
      282	    16812
      283	    16887
      284	    16963
      285	    17040
      286	    17119
      287	    17199
      288	    17280
      289	    17362
      290	    17445
      291	    17529
      292	    17614
      293	    17700
      294	    17787
      295	    17875
      296	    17964
      297	    18054
      298	    18145
      299	    18225
      300	    18301
      301	    18374
      302	    18444
      303	    18512
      304	    18578
      305	    18643
      306	    18706
      307	    18768
      308	    18829
      309	    18889
      310	    18947
      311	    19005
      312	    19062
      313	    19118
      314	    19174
      315	    19229
      316	    19283
      317	    19337
      318	    19390
      319	    19442
      320	    19494
      321	    19545
      322	    19596
      323	    19646
      324	    19696
      325	    19746
      326	    19796
      327	    19845
      328	    19894
      329	    19942
      330	    19990
      331	    20038
      332	    20085
      333	    20132
      334	    20179
      335	    20226
      336	    20272
      337	    20318
      338	    20364
      339	    20410
      340	    20455
      341	    20501
      342	    20546
      343	    20591
      344	    20636
      345	    20681
      346	    20725
      347	    20769
      348	    20813
      349	    20857
      350	    20901
      351	    20944
      352	    20988
      353	    21032
      354	    21075
      355	    21118
      356	    21161
      357	    21204
      358	    21247
      359	    21290
      360	    21333
      361	    21375
      362	    21417
      363	    21460
      364	    21503
      365	    21546
      366	    21588
      367	    21630
      368	    21672
      369	    21714
      370	    21756
      371	    21798
      372	    21840
      373	    21882
      374	    21924
      375	    21966
      376	    22008
      377	    22050
      378	    22092
      379	    22134
      380	    22176
      381	    22218
      382	    22260
      383	    22302
      384	    22344
      385	    22386
      386	    22428
      387	    22470
      388	    22512
      389	    22554
      390	    22596
      391	    22638
      392	    22680
      393	    22722
      394	    22764
      395	    22806
      396	    22848
      397	    22890
      398	    22932
      399	    22974
      400	    23016
      401	    23058
      402	    23100
      403	    23143
      404	    23186
      405	    23229
      406	    23272
      407	    23315
      408	    23358
      409	    23400
      410	    23442
      411	    23484
      412	    23526
      413	    23569
      414	    23612
      415	    23655
      416	    23698
      417	    23741
      418	    23784
      419	    23827
      420	    23870
      421	    23913
      422	    23956
      423	    23999
      424	    24042
      425	    24085
      426	    24128
      427	    24172
      428	    24216
      429	    24260
      430	    24304
      431	    24347
      432	    24390
      433	    24434
      434	    24478
      435	    24522
      436	    24566
      437	    24610
      438	    24654
      439	    24698
      440	    24742
      441	    24786
      442	    24830
      443	    24875
      444	    24920
      445	    24965
      446	    25010
      447	    25055
      448	    25100
      449	    25145
      450	    25190
      451	    25236
      452	    25282
      453	    25327
      454	    25372
      455	    25418
      456	    25464
      457	    25510
      458	    25556
      459	    25602
      460	    25648
      461	    25694
      462	    25740
      463	    25787
      464	    25834
      465	    25881
      466	    25928
      467	    25975
      468	    26022
      469	    26069
      470	    26116
      471	    26164
      472	    26212
      473	    26260
      474	    26308
      475	    26356
      476	    26404
      477	    26453
      478	    26502
      479	    26551
      480	    26600
      481	    26650
      482	    26700
      483	    26750
      484	    26800
      485	    26850
      486	    26900
      487	    26950
      488	    27000
      489	    27051
      490	    27102
      491	    27153
      492	    27204
      493	    27256
      494	    27308
      495	    27360
      496	    27412
      497	    27465
      498	    27518
      499	    27572
      500	    27626
      501	    27680
      502	    27734
      503	    27789
      504	    27844
      505	    27900
      506	    27956
      507	    28012
      508	    28068
      509	    28125
      510	    28182
      511	    28240
      512	    28298
      513	    28356
      514	    28414
      515	    28474
      516	    28534
      517	    28595
      518	    28656
      519	    28718
      520	    28780
      521	    28843
      522	    28906
      523	    28971
      524	    29036
      525	    29102
      526	    29168
      527	    29236
      528	    29304
      529	    29374
      530	    29444
      531	    29517
      532	    29590
      533	    29666
      534	    29742
      535	    29822
      536	    29902
      537	    30083
      538	    30262
      539	    30439
      540	    30614
      541	    30787
      542	    30958
      543	    31127
      544	    31294
      545	    31459
      546	    31622
      547	    31783
      548	    31942
      549	    32099
      550	    32252
      551	    32403
      552	    32552
      553	    32697
      554	    32840
      555	    32981
      556	    33118
      557	    33253
      558	    33384
      559	    33513
      560	    33638
      561	    33759
      562	    33878
      563	    33993
      564	    34104
      565	    34211
      566	    34314
      567	    34411
      568	    34504
      569	    34593
      570	    34676
      571	    34753
      572	    34824
      573	    34887
      574	    34942
      575	    34987
      576	    35020
      577	    35039
      578	    35066
      579	    35098
      580	    35135
      581	    35176
      582	    35221
      583	    35269
      584	    35320
      585	    35374
      586	    35431
      587	    35491
      588	    35553
      589	    35618
      590	    35685
      591	    35754
      592	    35825
      593	    35898
      594	    35973
      595	    36050
      596	    36129
      597	    36210
      598	    36292
      599	    36376
      600	    36462
      601	    36549
      602	    36638
      603	    36728
      604	    36820
      605	    36913
      606	    37008
      607	    37104
      608	    37201
      609	    37300
      610	    37400
      611	    37501
      612	    37604
      613	    37708
      614	    37813
      615	    37919
      616	    38026
      617	    38134
      618	    38244
      619	    38355
      620	    38467
      621	    38580
      622	    38694
      623	    38809
      624	    38925
      625	    39042
      626	    39160
      627	    39279
      628	    39399
      629	    39519
      630	    39640
      631	    39762
      632	    39885
      633	    40009
      634	    40134
      635	    40260
      636	    40386
      637	    40513
      638	    40641
      639	    40770
      640	    40899
      641	    41029
      642	    41160
      643	    41292
      644	    41424
      645	    41557
      646	    41691
      647	    41825
      648	    41960
      649	    42096
      650	    42232
      651	    42369
      652	    42507
      653	    42645
      654	    42784
      655	    42923
      656	    43063
      657	    43192
      658	    43316
      659	    43437
      660	    43555
      661	    43671
      662	    43784
      663	    43896
      664	    44006
      665	    44115
      666	    44222
      667	    44328
      668	    44432
      669	    44536
      670	    44638
      671	    44740
      672	    44841
      673	    44941
      674	    45040
      675	    45138
      676	    45236
      677	    45332
      678	    45428
      679	    45523
      680	    45617
      681	    45711
      682	    45804
      683	    45897
      684	    45990
      685	    46082
      686	    46173
      687	    46264
      688	    46355
      689	    46445
      690	    46535
      691	    46624
      692	    46713
      693	    46802
      694	    46890
      695	    46978
      696	    47065
      697	    47153
      698	    47240
      699	    47327
      700	    47413
      701	    47500
      702	    47586
      703	    47672
      704	    47757
      705	    47842
      706	    47927
      707	    48012
      708	    48097
      709	    48181
      710	    48265
      711	    48350
      712	    48434
      713	    48518
      714	    48602
      715	    48685
      716	    48768
      717	    48851
      718	    48934
      719	    49017
      720	    49100
      721	    49183
      722	    49266
      723	    49349
      724	    49431
      725	    49513
      726	    49595
      727	    49677
      728	    49759
      729	    49841
      730	    49923
      731	    50005
      732	    50087
      733	    50169
      734	    50251
      735	    50333
      736	    50415
      737	    50497
      738	    50579
      739	    50661
      740	    50743
      741	    50825
      742	    50907
      743	    50989
      744	    51071
      745	    51153
      746	    51235
      747	    51317
      748	    51399
      749	    51481
      750	    51563
      751	    51645
      752	    51727
      753	    51809
      754	    51891
      755	    51973
      756	    52055
      757	    52137
      758	    52219
      759	    52301
      760	    52383
      761	    52466
      762	    52549
      763	    52632
      764	    52715
      765	    52798
      766	    52881
      767	    52964
      768	    53047
      769	    53130
      770	    53213
      771	    53296
      772	    53379
      773	    53462
      774	    53545
      775	    53628
      776	    53711
      777	    53794
      778	    53877
      779	    53961
      780	    54045
      781	    54129
      782	    54213
      783	    54297
      784	    54381
      785	    54466
      786	    54551
      787	    54635
      788	    54719
      789	    54803
      790	    54887
      791	    54972
      792	    55057
      793	    55142
      794	    55227
      795	    55312
      796	    55397
      797	    55482
      798	    55567
      799	    55652
      800	    55737
      801	    55823
      802	    55909
      803	    55995
      804	    56081
      805	    56168
      806	    56255
      807	    56341
      808	    56427
      809	    56514
      810	    56601
      811	    56688
      812	    56775
      813	    56863
      814	    56951
      815	    57038
      816	    57125
      817	    57213
      818	    57301
      819	    57389
      820	    57477
      821	    57566
      822	    57655
      823	    57744
      824	    57833
      825	    57922
      826	    58011
      827	    58101
      828	    58191
      829	    58281
      830	    58371
      831	    58462
      832	    58553
      833	    58644
      834	    58735
      835	    58826
      836	    58917
      837	    59009
      838	    59101
      839	    59194
      840	    59287
      841	    59380
      842	    59473
      843	    59566
      844	    59659
      845	    59753
      846	    59847
      847	    59941
      848	    60035
      849	    60130
      850	    60225
      851	    60321
      852	    60417
      853	    60513
      854	    60609
      855	    60707
      856	    60805
      857	    60903
      858	    61001
      859	    61100
      860	    61199
      861	    61299
      862	    61399
      863	    61500
      864	    61601
      865	    61703
      866	    61805
      867	    61907
      868	    62009
      869	    62113
      870	    62217
      871	    62321
      872	    62425
      873	    62531
      874	    62637
      875	    62744
      876	    62851
      877	    62960
      878	    63069
      879	    63179
      880	    63289
      881	    63401
      882	    63513
      883	    63626
      884	    63739
      885	    63855
      886	    63971
      887	    64089
      888	    64207
      889	    64328
      890	    64449
      891	    64573
      892	    64697
      893	    64826
      894	    64955
      895	    65234
      896	    65511
      897	    65788
      898	    66063
      899	    66338
      900	    66611
      901	    66882
      902	    67153
      903	    67422
      904	    67689
      905	    67956
      906	    68221
      907	    68484
      908	    68747
      909	    69008
      910	    69267
      911	    69524
      912	    69781
      913	    70036
      914	    70289
      915	    70540
      916	    70791
      917	    71040
      918	    71287
      919	    71532
      920	    71775
      921	    72016
      922	    72255
      923	    72494
      924	    72731
      925	    72966
      926	    73199
      927	    73430
      928	    73659
      929	    73886
      930	    74111
      931	    74334
      932	    74555
      933	    74774
      934	    74989
      935	    75202
      936	    75413
      937	    75622
      938	    75829
      939	    76034
      940	    76235
      941	    76434
      942	    76631
      943	    76824
      944	    77015
      945	    77204
      946	    77389
      947	    77572
      948	    77751
      949	    77928
      950	    78101
      951	    78272
      952	    78439
      953	    78602
      954	    78763
      955	    78920
      956	    79073
      957	    79222
      958	    79367
      959	    79508
      960	    79645
      961	    79778
      962	    79907
      963	    80030
      964	    80149
      965	    80262
      966	    80369
      967	    80470
      968	    80565
      969	    80654
      970	    80735
      971	    80808
      972	    80871
      973	    80924
      974	    80961
      975	    80980
      976	    81007
      977	    81039
      978	    81076
      979	    81117
      980	    81162
      981	    81210
      982	    81261
      983	    81315
      984	    81372
      985	    81432
      986	    81494
      987	    81559
      988	    81626
      989	    81695
      990	    81766
      991	    81839
      992	    81914
      993	    81991
      994	    82070
      995	    82151
      996	    82233
      997	    82317
      998	    82403
      999	    82490
     1000	    82579
     1001	    82669
     1002	    82761
     1003	    82854
     1004	    82949
     1005	    83045
     1006	    83142
     1007	    83241
     1008	    83341
     1009	    83442
     1010	    83545
     1011	    83649
     1012	    83754
     1013	    83860
     1014	    83967
     1015	    84075
     1016	    84185
     1017	    84296
     1018	    84408
     1019	    84521
     1020	    84635
     1021	    84750
     1022	    84866
     1023	    84983
     1024	    85101
     1025	    85220
     1026	    85340
     1027	    85460
     1028	    85581
     1029	    85703
     1030	    85826
     1031	    85950
     1032	    86075
     1033	    86201
     1034	    86327
     1035	    86454
     1036	    86582
     1037	    86711
     1038	    86840
     1039	    86970
     1040	    87101
     1041	    87233
     1042	    87365
     1043	    87498
     1044	    87632
     1045	    87766
     1046	    87901
     1047	    88037
     1048	    88173
     1049	    88310
     1050	    88448
     1051	    88586
     1052	    88725
     1053	    88864
     1054	    89004
     1055	    89145
     1056	    89286
     1057	    89428
     1058	    89570
     1059	    89713
     1060	    89856
     1061	    90000
     1062	    90144
     1063	    90289
     1064	    90434
     1065	    90580
     1066	    90726
     1067	    90873
     1068	    91020
     1069	    91168
     1070	    91316
     1071	    91465
     1072	    91614
     1073	    91763
     1074	    91913
     1075	    92063
     1076	    92214
     1077	    92365
     1078	    92516
     1079	    92668
     1080	    92820
     1081	    92972
     1082	    93125
     1083	    93278
     1084	    93431
     1085	    93585
     1086	    93739
     1087	    93893
     1088	    94048
     1089	    94203
     1090	    94358
     1091	    94514
     1092	    94670
     1093	    94826
     1094	    94982
     1095	    95139
     1096	    95296
     1097	    95453
     1098	    95610
     1099	    95768
     1100	    95926
     1101	    96084
     1102	    96242
     1103	    96400
     1104	    96559
     1105	    96718
     1106	    96877
     1107	    97036
     1108	    97195
     1109	    97355
     1110	    97515
     1111	    97675
     1112	    97835
     1113	    97995
     1114	    98155
     1115	    98315
     1116	    98475
     1117	    98636
     1118	    98797
     1119	    98958
     1120	    99119
     1121	    99280
     1122	    99441
     1123	    99602
     1124	    99763
     1125	    99924
     1126	   100085
     1127	   100246
     1128	   100407
     1129	   100568
     1130	   100729
     1131	   100890
     1132	   101051
     1133	   101212
     1134	   101373
     1135	   101694
     1136	   102015
     1137	   102336
     1138	   102657
     1139	   102978
     1140	   103299
     1141	   103620
     1142	   103941
     1143	   104262
     1144	   104583
     1145	   104904
     1146	   105225
     1147	   105546
     1148	   105867
     1149	   106188
     1150	   106509
     1151	   106830
     1152	   107149
     1153	   107468
     1154	   107787
     1155	   108106
     1156	   108425
     1157	   108744
     1158	   109063
     1159	   109382
     1160	   109699
     1161	   110016
     1162	   110333
     1163	   110650
     1164	   110967
     1165	   111282
     1166	   111597
     1167	   111912
     1168	   112227
     1169	   112542
     1170	   112855
     1171	   113168
     1172	   113481
     1173	   113794
     1174	   114105
     1175	   114416
     1176	   114727
     1177	   115038
     1178	   115347
     1179	   115656
     1180	   115965
     1181	   116272
     1182	   116579
     1183	   116886
     1184	   117191
     1185	   117496
     1186	   117801
     1187	   118104
     1188	   118407
     1189	   118710
     1190	   119011
     1191	   119312
     1192	   119613
     1193	   119912
     1194	   120211
     1195	   120508
     1196	   120805
     1197	   121102
     1198	   121397
     1199	   121692
     1200	   121985
     1201	   122278
     1202	   122569
     1203	   122860
     1204	   123149
     1205	   123438
     1206	   123725
     1207	   124012
     1208	   124297
     1209	   124582
     1210	   124865
     1211	   125148
     1212	   125429
     1213	   125710
     1214	   125989
     1215	   126266
     1216	   126543
     1217	   126818
     1218	   127093
     1219	   127366
     1220	   127637
     1221	   127908
     1222	   128177
     1223	   128444
     1224	   128711
     1225	   128976
     1226	   129239
     1227	   129502
     1228	   129763
     1229	   130022
     1230	   130279
     1231	   130536
     1232	   130791
     1233	   131044
     1234	   131295
     1235	   131546
     1236	   131795
     1237	   132042
     1238	   132287
     1239	   132530
     1240	   132771
     1241	   133010
     1242	   133249
     1243	   133486
     1244	   133721
     1245	   133954
     1246	   134185
     1247	   134414
     1248	   134641
     1249	   134866
     1250	   135089
     1251	   135310
     1252	   135529
     1253	   135744
     1254	   135957
     1255	   136168
     1256	   136377
     1257	   136584
     1258	   136789
     1259	   136990
     1260	   137189
     1261	   137386
     1262	   137579
     1263	   137770
     1264	   137959
     1265	   138144
     1266	   138327
     1267	   138506
     1268	   138683
     1269	   138856
     1270	   139027
     1271	   139194
     1272	   139357
     1273	   139518
     1274	   139675
     1275	   139828
     1276	   139977
     1277	   140122
     1278	   140263
     1279	   140400
     1280	   140533
     1281	   140662
     1282	   140785
     1283	   140904
     1284	   141017
     1285	   141124
     1286	   141225
     1287	   141320
     1288	   141409
     1289	   141490
     1290	   141563
     1291	   141626
     1292	   141679
