        0	        0
        1	       31
        2	       72
        3	      123
        4	      180
        5	      245
        6	      316
        7	      391
        8	      472
        9	      557
       10	      646
       11	      739
       12	      836
       13	      937
       14	     1042
       15	     1149
       16	     1260
       17	     1373
       18	     1490
       19	     1609
       20	     1730
       21	     1855
       22	     1982
       23	     2111
       24	     2242
       25	     2377
       26	     2514
       27	     2653
       28	     2794
       29	     2937
       30	     3082
       31	     3229
       32	     3378
       33	     3529
       34	     3682
       35	     3835
       36	     3990
       37	     4147
       38	     4306
       39	     4467
       40	     4628
       41	     4700
       42	     4772
       43	     4840
       44	     4908
       45	     4974
       46	     5040
       47	     5103
       48	     5166
       49	     5228
       50	     5290
       51	     5350
       52	     5410
       53	     5468
       54	     5526
       55	     5584
       56	     5642
       57	     5699
       58	     5756
       59	     5811
       60	     5866
       61	     5921
       62	     5976
       63	     6030
       64	     6084
       65	     6137
       66	     6190
       67	     6242
       68	     6294
       69	     6346
       70	     6398
       71	     6449
       72	     6500
       73	     6551
       74	     6602
       75	     6652
       76	     6702
       77	     6752
       78	     6802
       79	     6851
       80	     6900
       81	     6949
       82	     6998
       83	     7046
       84	     7094
       85	     7141
       86	     7188
       87	     7236
       88	     7284
       89	     7331
       90	     7378
       91	     7425
       92	     7472
       93	     7518
       94	     7564
       95	     7610
       96	     7656
       97	     7702
       98	     7748
       99	     7794
      100	     7840
      101	     7885
      102	     7930
      103	     7974
      104	     8018
      105	     8063
      106	     8108
      107	     8152
      108	     8196
      109	     8240
      110	     8284
      111	     8329
      112	     8374
      113	     8418
      114	     8462
      115	     8506
      116	     8550
      117	     8593
      118	     8636
      119	     8679
      120	     8722
      121	     8766
      122	     8810
      123	     8853
      124	     8896
      125	     8939
      126	     8982
      127	     9025
      128	     9068
      129	     9110
      130	     9152
      131	     9195
      132	     9238
      133	     9281
      134	     9324
      135	     9367
      136	     9410
      137	     9453
      138	     9496
      139	     9538
      140	     9580
      141	     9622
      142	     9664
      143	     9706
      144	     9748
      145	     9790
      146	     9832
      147	     9874
      148	     9916
      149	     9958
      150	    10000
      151	    10042
      152	    10084
      153	    10126
      154	    10168
      155	    10210
      156	    10252
      157	    10294
      158	    10336
      159	    10378
      160	    10420
      161	    10462
      162	    10504
      163	    10546
      164	    10588
      165	    10630
      166	    10672
      167	    10714
      168	    10756
      169	    10798
      170	    10841
      171	    10884
      172	    10927
      173	    10970
      174	    11012
      175	    11055
      176	    11098
      177	    11141
      178	    11185
      179	    11228
      180	    11271
      181	    11315
      182	    11359
      183	    11404
      184	    11448
      185	    11492
      186	    11537
      187	    11581
      188	    11626
      189	    11672
      190	    11718
      191	    11764
      192	    11810
      193	    11857
      194	    11904
      195	    11952
      196	    11999
      197	    12047
      198	    12096
      199	    12145
      200	    12195
      201	    12245
      202	    12296
      203	    12347
      204	    12399
      205	    12451
      206	    12504
      207	    12558
      208	    12613
      209	    12668
      210	    12725
      211	    12783
      212	    12841
      213	    12901
      214	    12963
      215	    13026
      216	    13092
      217	    13160
      218	    13232
      219	    13313
      220	    13394
      221	    13474
      222	    13553
      223	    13631
      224	    13708
      225	    13785
      226	    13861
      227	    13936
      228	    14010
      229	    14083
      230	    14155
      231	    14226
      232	    14296
      233	    14365
      234	    14433
      235	    14499
      236	    14564
      237	    14628
      238	    14691
      239	    14752
      240	    14812
      241	    14871
      242	    14928
      243	    14984
      244	    15038
      245	    15091
      246	    15142
      247	    15191
      248	    15238
      249	    15283
      250	    15326
      251	    15367
      252	    15405
      253	    15441
      254	    15474
      255	    15503
      256	    15529
      257	    15550
      258	    15566
      259	    15599
      260	    15644
      261	    15699
      262	    15762
      263	    15833
      264	    15910
      265	    15993
      266	    16082
      267	    16175
      268	    16272
      269	    16375
      270	    16482
      271	    16593
      272	    16708
      273	    16827
      274	    16948
      275	    17073
      276	    17202
      277	    17333
      278	    17468
      279	    17605
      280	    17746
      281	    17889
      282	    18034
      283	    18183
      284	    18334
      285	    18487
      286	    18644
      287	    18803
      288	    18964
      289	    19127
      290	    19292
      291	    19459
      292	    19628
      293	    19799
      294	    19972
      295	    20147
      296	    20324
      297	    20503
      298	    20684
      299	    20764
      300	    20844
      301	    20920
      302	    20996
      303	    21069
      304	    21142
      305	    21212
      306	    21282
      307	    21350
      308	    21418
      309	    21484
      310	    21550
      311	    21615
      312	    21680
      313	    21743
      314	    21806
      315	    21868
      316	    21930
      317	    21991
      318	    22052
      319	    22112
      320	    22172
      321	    22230
      322	    22288
      323	    22346
      324	    22404
      325	    22461
      326	    22518
      327	    22574
      328	    22630
      329	    22686
      330	    22742
      331	    22797
      332	    22852
      333	    22906
      334	    22960
      335	    23014
      336	    23068
      337	    23121
      338	    23174
      339	    23226
      340	    23278
      341	    23330
      342	    23382
      343	    23433
      344	    23484
      345	    23535
      346	    23586
      347	    23636
      348	    23686
      349	    23736
      350	    23786
      351	    23836
      352	    23886
      353	    23936
      354	    23986
      355	    24035
      356	    24084
      357	    24133
      358	    24182
      359	    24230
      360	    24278
      361	    24326
      362	    24374
      363	    24422
      364	    24470
      365	    24517
      366	    24564
      367	    24611
      368	    24658
      369	    24705
      370	    24752
      371	    24799
      372	    24846
      373	    24892
      374	    24938
      375	    24984
      376	    25030
      377	    25076
      378	    25122
      379	    25168
      380	    25214
      381	    25259
      382	    25304
      383	    25350
      384	    25396
      385	    25441
      386	    25486
      387	    25531
      388	    25576
      389	    25621
      390	    25666
      391	    25711
      392	    25756
      393	    25800
      394	    25844
      395	    25888
      396	    25932
      397	    25976
      398	    26020
      399	    26064
      400	    26108
      401	    26152
      402	    26196
      403	    26239
      404	    26282
      405	    26326
      406	    26370
      407	    26414
      408	    26458
      409	    26501
      410	    26544
      411	    26587
      412	    26630
      413	    26673
      414	    26716
      415	    26759
      416	    26802
      417	    26845
      418	    26888
      419	    26931
      420	    26974
      421	    27017
      422	    27060
      423	    27102
      424	    27144
      425	    27186
      426	    27228
      427	    27271
      428	    27314
      429	    27357
      430	    27400
      431	    27443
      432	    27486
      433	    27528
      434	    27570
      435	    27612
      436	    27654
      437	    27696
      438	    27738
      439	    27780
      440	    27822
      441	    27864
      442	    27906
      443	    27948
      444	    27990
      445	    28032
      446	    28074
      447	    28116
      448	    28158
      449	    28200
      450	    28242
      451	    28284
      452	    28326
      453	    28368
      454	    28410
      455	    28452
      456	    28494
      457	    28536
      458	    28578
      459	    28620
      460	    28662
      461	    28704
      462	    28746
      463	    28788
      464	    28830
      465	    28872
      466	    28914
      467	    28956
      468	    28998
      469	    29040
      470	    29083
      471	    29126
      472	    29169
      473	    29211
      474	    29253
      475	    29296
      476	    29339
      477	    29382
      478	    29425
      479	    29468
      480	    29511
      481	    29554
      482	    29598
      483	    29642
      484	    29685
      485	    29729
      486	    29773
      487	    29817
      488	    29861
      489	    29905
      490	    29950
      491	    29995
      492	    30040
      493	    30085
      494	    30131
      495	    30176
      496	    30222
      497	    30268
      498	    30314
      499	    30360
      500	    30407
      501	    30454
      502	    30501
      503	    30548
      504	    30596
      505	    30644
      506	    30692
      507	    30741
      508	    30790
      509	    30840
      510	    30890
      511	    30940
      512	    30990
      513	    31041
      514	    31092
      515	    31144
      516	    31196
      517	    31249
      518	    31303
      519	    31357
      520	    31412
      521	    31468
      522	    31524
      523	    31581
      524	    31639
      525	    31697
      526	    31757
      527	    31818
      528	    31880
      529	    31943
      530	    32008
      531	    32074
      532	    32142
      533	    32212
      534	    32285
      535	    32361
      536	    32441
      537	    32532
      538	    32622
      539	    32711
      540	    32799
      541	    32886
      542	    32972
      543	    33057
      544	    33141
      545	    33224
      546	    33306
      547	    33387
      548	    33467
      549	    33546
      550	    33623
      551	    33699
      552	    33774
      553	    33847
      554	    33919
      555	    33990
      556	    34059
      557	    34127
      558	    34193
      559	    34258
      560	    34321
      561	    34382
      562	    34442
      563	    34500
      564	    34556
      565	    34610
      566	    34662
      567	    34711
      568	    34758
      569	    34803
      570	    34845
      571	    34884
      572	    34920
      573	    34952
      574	    34980
      575	    35003
      576	    35020
      577	    35057
      578	    35110
      579	    35173
      580	    35246
      581	    35327
      582	    35416
      583	    35511
      584	    35612
      585	    35719
      586	    35832
      587	    35951
      588	    36074
      589	    36203
      590	    36336
      591	    36473
      592	    36614
      593	    36759
      594	    36908
      595	    37061
      596	    37218
      597	    37379
      598	    37542
      599	    37709
      600	    37880
      601	    38053
      602	    38230
      603	    38409
      604	    38592
      605	    38777
      606	    38966
      607	    39157
      608	    39350
      609	    39547
      610	    39746
      611	    39947
      612	    40152
      613	    40359
      614	    40568
      615	    40779
      616	    40992
      617	    41207
      618	    41426
      619	    41647
      620	    41870
      621	    42095
      622	    42322
      623	    42551
      624	    42782
      625	    43015
      626	    43250
      627	    43487
      628	    43726
      629	    43965
      630	    44206
      631	    44449
      632	    44694
      633	    44941
      634	    45190
      635	    45441
      636	    45692
      637	    45945
      638	    46200
      639	    46457
      640	    46714
      641	    46973
      642	    47234
      643	    47497
      644	    47760
      645	    48025
      646	    48292
      647	    48559
      648	    48828
      649	    49099
      650	    49370
      651	    49643
      652	    49918
      653	    50193
      654	    50470
      655	    50747
      656	    51026
      657	    51155
      658	    51284
      659	    51408
      660	    51532
      661	    51653
      662	    51774
      663	    51892
      664	    52010
      665	    52126
      666	    52242
      667	    52355
      668	    52468
      669	    52580
      670	    52692
      671	    52802
      672	    52912
      673	    53021
      674	    53130
      675	    53237
      676	    53344
      677	    53450
      678	    53556
      679	    53660
      680	    53764
      681	    53868
      682	    53972
      683	    54074
      684	    54176
      685	    54278
      686	    54380
      687	    54481
      688	    54582
      689	    54682
      690	    54782
      691	    54881
      692	    54980
      693	    55078
      694	    55176
      695	    55274
      696	    55372
      697	    55468
      698	    55564
      699	    55660
      700	    55756
      701	    55851
      702	    55946
      703	    56040
      704	    56134
      705	    56228
      706	    56322
      707	    56415
      708	    56508
      709	    56601
      710	    56694
      711	    56787
      712	    56880
      713	    56972
      714	    57064
      715	    57155
      716	    57246
      717	    57337
      718	    57428
      719	    57519
      720	    57610
      721	    57700
      722	    57790
      723	    57880
      724	    57970
      725	    58059
      726	    58148
      727	    58237
      728	    58326
      729	    58415
      730	    58504
      731	    58592
      732	    58680
      733	    58768
      734	    58856
      735	    58943
      736	    59030
      737	    59118
      738	    59206
      739	    59293
      740	    59380
      741	    59467
      742	    59554
      743	    59640
      744	    59726
      745	    59813
      746	    59900
      747	    59986
      748	    60072
      749	    60158
      750	    60244
      751	    60329
      752	    60414
      753	    60499
      754	    60584
      755	    60669
      756	    60754
      757	    60839
      758	    60924
      759	    61009
      760	    61094
      761	    61178
      762	    61262
      763	    61346
      764	    61430
      765	    61515
      766	    61600
      767	    61684
      768	    61768
      769	    61852
      770	    61936
      771	    62020
      772	    62104
      773	    62187
      774	    62270
      775	    62353
      776	    62436
      777	    62519
      778	    62602
      779	    62685
      780	    62768
      781	    62851
      782	    62934
      783	    63017
      784	    63100
      785	    63183
      786	    63266
      787	    63349
      788	    63432
      789	    63515
      790	    63598
      791	    63680
      792	    63762
      793	    63844
      794	    63926
      795	    64008
      796	    64090
      797	    64172
      798	    64254
      799	    64336
      800	    64418
      801	    64500
      802	    64582
      803	    64664
      804	    64746
      805	    64828
      806	    64910
      807	    64992
      808	    65074
      809	    65156
      810	    65238
      811	    65320
      812	    65402
      813	    65484
      814	    65566
      815	    65648
      816	    65730
      817	    65812
      818	    65894
      819	    65976
      820	    66058
      821	    66140
      822	    66222
      823	    66304
      824	    66386
      825	    66468
      826	    66550
      827	    66632
      828	    66715
      829	    66798
      830	    66881
      831	    66964
      832	    67047
      833	    67130
      834	    67213
      835	    67296
      836	    67379
      837	    67463
      838	    67547
      839	    67631
      840	    67716
      841	    67800
      842	    67884
      843	    67969
      844	    68054
      845	    68139
      846	    68224
      847	    68309
      848	    68395
      849	    68481
      850	    68568
      851	    68654
      852	    68741
      853	    68828
      854	    68916
      855	    69003
      856	    69091
      857	    69179
      858	    69268
      859	    69357
      860	    69446
      861	    69536
      862	    69626
      863	    69717
      864	    69808
      865	    69899
      866	    69991
      867	    70084
      868	    70177
      869	    70270
      870	    70364
      871	    70458
      872	    70553
      873	    70649
      874	    70745
      875	    70843
      876	    70941
      877	    71040
      878	    71140
      879	    71241
      880	    71343
      881	    71445
      882	    71549
      883	    71653
      884	    71759
      885	    71866
      886	    71975
      887	    72085
      888	    72197
      889	    72310
      890	    72426
      891	    72544
      892	    72665
      893	    72789
      894	    72918
      895	    73058
      896	    73197
      897	    73336
      898	    73474
      899	    73612
      900	    73749
      901	    73885
      902	    74021
      903	    74156
      904	    74290
      905	    74424
      906	    74557
      907	    74689
      908	    74821
      909	    74952
      910	    75082
      911	    75211
      912	    75340
      913	    75468
      914	    75595
      915	    75721
      916	    75847
      917	    75972
      918	    76096
      919	    76219
      920	    76341
      921	    76462
      922	    76582
      923	    76702
      924	    76821
      925	    76939
      926	    77056
      927	    77172
      928	    77287
      929	    77401
      930	    77514
      931	    77626
      932	    77737
      933	    77847
      934	    77955
      935	    78062
      936	    78168
      937	    78273
      938	    78377
      939	    78480
      940	    78581
      941	    78681
      942	    78780
      943	    78877
      944	    78973
      945	    79068
      946	    79161
      947	    79253
      948	    79343
      949	    79432
      950	    79519
      951	    79605
      952	    79689
      953	    79771
      954	    79852
      955	    79931
      956	    80008
      957	    80083
      958	    80156
      959	    80227
      960	    80296
      961	    80363
      962	    80428
      963	    80490
      964	    80550
      965	    80607
      966	    80661
      967	    80712
      968	    80760
      969	    80805
      970	    80846
      971	    80883
      972	    80915
      973	    80942
      974	    80961
      975	    80998
      976	    81051
      977	    81114
      978	    81187
      979	    81268
      980	    81357
      981	    81452
      982	    81553
      983	    81660
      984	    81773
      985	    81892
      986	    82015
      987	    82144
      988	    82277
      989	    82414
      990	    82555
      991	    82700
      992	    82849
      993	    83002
      994	    83159
      995	    83320
      996	    83483
      997	    83650
      998	    83821
      999	    83994
     1000	    84171
     1001	    84350
     1002	    84533
     1003	    84718
     1004	    84907
     1005	    85098
     1006	    85291
     1007	    85488
     1008	    85687
     1009	    85888
     1010	    86093
     1011	    86300
     1012	    86509
     1013	    86720
     1014	    86933
     1015	    87148
     1016	    87367
     1017	    87588
     1018	    87811
     1019	    88036
     1020	    88263
     1021	    88492
     1022	    88723
     1023	    88956
     1024	    89191
     1025	    89428
     1026	    89667
     1027	    89906
     1028	    90147
     1029	    90390
     1030	    90635
     1031	    90882
     1032	    91131
     1033	    91382
     1034	    91633
     1035	    91886
     1036	    92141
     1037	    92398
     1038	    92655
     1039	    92914
     1040	    93175
     1041	    93438
     1042	    93701
     1043	    93966
     1044	    94233
     1045	    94500
     1046	    94769
     1047	    95040
     1048	    95311
     1049	    95584
     1050	    95859
     1051	    96134
     1052	    96411
     1053	    96688
     1054	    96967
     1055	    97248
     1056	    97529
     1057	    97812
     1058	    98095
     1059	    98380
     1060	    98665
     1061	    98952
     1062	    99239
     1063	    99528
     1064	    99817
     1065	   100108
     1066	   100399
     1067	   100692
     1068	   100985
     1069	   101280
     1070	   101575
     1071	   101872
     1072	   102169
     1073	   102466
     1074	   102765
     1075	   103064
     1076	   103365
     1077	   103666
     1078	   103967
     1079	   104270
     1080	   104573
     1081	   104876
     1082	   105181
     1083	   105486
     1084	   105791
     1085	   106098
     1086	   106405
     1087	   106712
     1088	   107021
     1089	   107330
     1090	   107639
     1091	   107950
     1092	   108261
     1093	   108572
     1094	   108883
     1095	   109196
     1096	   109509
     1097	   109822
     1098	   110135
     1099	   110450
     1100	   110765
     1101	   111080
     1102	   111395
     1103	   111710
     1104	   112027
     1105	   112344
     1106	   112661
     1107	   112978
     1108	   113295
     1109	   113614
     1110	   113933
     1111	   114252
     1112	   114571
     1113	   114890
     1114	   115209
     1115	   115528
     1116	   115847
     1117	   116168
     1118	   116489
     1119	   116810
     1120	   117131
     1121	   117452
     1122	   117773
     1123	   118094
     1124	   118415
     1125	   118736
     1126	   119057
     1127	   119378
     1128	   119699
     1129	   120020
     1130	   120341
     1131	   120662
     1132	   120983
     1133	   121304
     1134	   121465
     1135	   121626
     1136	   121787
     1137	   121948
     1138	   122109
     1139	   122270
     1140	   122431
     1141	   122592
     1142	   122753
     1143	   122914
     1144	   123075
     1145	   123236
     1146	   123397
     1147	   123558
     1148	   123719
     1149	   123880
     1150	   124041
     1151	   124202
     1152	   124362
     1153	   124522
     1154	   124682
     1155	   124842
     1156	   125002
     1157	   125162
     1158	   125322
     1159	   125482
     1160	   125641
     1161	   125800
     1162	   125959
     1163	   126118
     1164	   126277
     1165	   126435
     1166	   126593
     1167	   126751
     1168	   126909
     1169	   127067
     1170	   127224
     1171	   127381
     1172	   127538
     1173	   127695
     1174	   127851
     1175	   128007
     1176	   128163
     1177	   128319
     1178	   128474
     1179	   128629
     1180	   128784
     1181	   128938
     1182	   129092
     1183	   129246
     1184	   129399
     1185	   129552
     1186	   129705
     1187	   129857
     1188	   130009
     1189	   130161
     1190	   130312
     1191	   130463
     1192	   130614
     1193	   130764
     1194	   130914
     1195	   131063
     1196	   131212
     1197	   131361
     1198	   131509
     1199	   131657
     1200	   131804
     1201	   131951
     1202	   132097
     1203	   132243
     1204	   132388
     1205	   132533
     1206	   132677
     1207	   132821
     1208	   132964
     1209	   133107
     1210	   133249
     1211	   133391
     1212	   133532
     1213	   133673
     1214	   133813
     1215	   133952
     1216	   134091
     1217	   134229
     1218	   134367
     1219	   134504
     1220	   134640
     1221	   134776
     1222	   134911
     1223	   135045
     1224	   135179
     1225	   135312
     1226	   135444
     1227	   135576
     1228	   135707
     1229	   135837
     1230	   135966
     1231	   136095
     1232	   136223
     1233	   136350
     1234	   136476
     1235	   136602
     1236	   136727
     1237	   136851
     1238	   136974
     1239	   137096
     1240	   137217
     1241	   137337
     1242	   137457
     1243	   137576
     1244	   137694
     1245	   137811
     1246	   137927
     1247	   138042
     1248	   138156
     1249	   138269
     1250	   138381
     1251	   138492
     1252	   138602
     1253	   138710
     1254	   138817
     1255	   138923
     1256	   139028
     1257	   139132
     1258	   139235
     1259	   139336
     1260	   139436
     1261	   139535
     1262	   139632
     1263	   139728
     1264	   139823
     1265	   139916
     1266	   140008
     1267	   140098
     1268	   140187
     1269	   140274
     1270	   140360
     1271	   140444
     1272	   140526
     1273	   140607
     1274	   140686
     1275	   140763
     1276	   140838
     1277	   140911
     1278	   140982
     1279	   141051
     1280	   141118
     1281	   141183
     1282	   141245
     1283	   141305
     1284	   141362
     1285	   141416
     1286	   141467
     1287	   141515
     1288	   141560
     1289	   141601
     1290	   141638
     1291	   141670
     1292	   141697
